Sample	0	1	2	3	4	5	6	7	8	9	10	11	12	13	14	15	16	17	18	19	20	21	22	23	24	25	26	27	28	29	30	31	32	33	34	35	36	37	38	39	40	41	42	43	44	45	46	47	48	49	50	51	52	53	54	55	56	57	58	59	60	61	62	63	64	65	66	67	68	69	70	71	72	73	74	75	76	77	78	79	80	81	82	83	84	85	86	87	88	89	90	91	92	93	94	95	96	97	98	99	100	101	102	103	104	105	106	107	108	109	110	111	112	113	114	115	116	117	118	119	120	121	122	123	124	125	126	127	128	129	130	131	132	133	134	135	136	137	138	139	140	141	142	143	144	145	146	147	148	149
SRR39139285	(1, 59.03810000000001)	(2, 55.6106)	(3, 58.0513)	(4, 59.3703)	(5, 58.1563)	(6, 58.9951)	(7, 58.828100000000006)	(8, 57.62350000000001)	(9, 58.4279)	(10, 58.3475)	(11, 57.532399999999996)	(12, 58.278200000000005)	(13, 58.21190000000001)	(14, 57.428599999999996)	(15, 58.2016)	(16, 58.209)	(17, 57.532700000000006)	(18, 58.361799999999995)	(19, 58.316599999999994)	(20, 57.6465)	(21, 58.4657)	(22, 58.379599999999996)	(23, 57.6896)	(24, 58.5282)	(25, 58.5258)	(26, 57.7669)	(27, 58.546600000000005)	(28, 58.496)	(29, 57.835800000000006)	(30, 58.6936)	(31, 58.632600000000004)	(32, 57.8933)	(33, 58.7457)	(34, 58.6608)	(35, 57.957800000000006)	(36, 58.77329999999999)	(37, 58.741200000000006)	(38, 57.949600000000004)	(39, 58.7501)	(40, 58.755500000000005)	(41, 57.999)	(42, 58.8307)	(43, 58.7492)	(44, 58.0268)	(45, 58.853699999999996)	(46, 58.8225)	(47, 58.086000000000006)	(48, 58.88759999999999)	(49, 58.80760000000001)	(50, 58.1084)	(51, 58.8827)	(52, 58.8284)	(53, 58.1055)	(54, 58.89020000000001)	(55, 58.8376)	(56, 58.131)	(57, 58.88060000000001)	(58, 58.8769)	(59, 58.152499999999996)	(60, 58.9051)	(61, 58.8446)	(62, 58.126)	(63, 58.8928)	(64, 58.84009999999999)	(65, 58.129)	(66, 58.861200000000004)	(67, 58.831900000000005)	(68, 58.0939)	(69, 58.89489999999999)	(70, 58.814)	(71, 58.1448)	(72, 58.8681)	(73, 58.8418)	(74, 58.122600000000006)	(75, 58.9198)	(76, 58.806099999999994)	(77, 58.145199999999996)	(78, 58.851299999999995)	(79, 58.79109999999999)	(80, 58.131)	(81, 58.883700000000005)	(82, 58.7857)	(83, 58.1209)	(84, 58.8773)	(85, 58.848299999999995)	(86, 58.1377)	(87, 58.838100000000004)	(88, 58.825700000000005)	(89, 58.1048)	(90, 58.9028)	(91, 58.7611)	(92, 58.1213)	(93, 58.8751)	(94, 58.806599999999996)	(95, 58.1036)	(96, 58.8515)	(97, 58.8269)	(98, 58.106899999999996)	(99, 58.7966)	(100, 58.81420000000001)	(101, 58.10039999999999)	(102, 58.861799999999995)	(103, 58.772999999999996)	(104, 58.1107)	(105, 58.843)	(106, 58.811)	(107, 58.135099999999994)	(108, 58.848299999999995)	(109, 58.806599999999996)	(110, 58.1364)	(111, 58.8586)	(112, 58.7534)	(113, 58.1176)	(114, 58.8692)	(115, 58.780100000000004)	(116, 58.120799999999996)	(117, 58.8327)	(118, 58.838100000000004)	(119, 58.09140000000001)	(120, 58.784400000000005)	(121, 58.80180000000001)	(122, 58.1392)	(123, 58.842099999999995)	(124, 58.7856)	(125, 58.092999999999996)	(126, 58.8831)	(127, 58.772800000000004)	(128, 58.061099999999996)	(129, 58.8203)	(130, 58.7499)	(131, 58.1191)	(132, 58.8367)	(133, 58.779199999999996)	(134, 58.1241)	(135, 58.82150000000001)	(136, 58.7817)	(137, 58.134600000000006)	(138, 58.8102)	(139, 58.7442)	(140, 58.145)	(141, 58.8526)	(142, 58.7385)	(143, 58.127300000000005)	(144, 58.7828)	(145, 58.733599999999996)	(146, 58.099199999999996)	(147, 58.77830000000001)	(148, 58.758500000000005)	(149, 58.1044)	(150, 58.7981)
SRR39146138	(1, 61.4305)	(2, 57.2188)	(3, 59.2101)	(4, 60.7742)	(5, 59.42809999999999)	(6, 60.324299999999994)	(7, 60.2224)	(8, 58.9688)	(9, 59.67249999999999)	(10, 59.688900000000004)	(11, 58.84819999999999)	(12, 59.4677)	(13, 59.465)	(14, 58.6936)	(15, 59.4086)	(16, 59.5801)	(17, 58.7719)	(18, 59.557)	(19, 59.6842)	(20, 58.899)	(21, 59.6777)	(22, 59.742200000000004)	(23, 58.934799999999996)	(24, 59.744)	(25, 59.8171)	(26, 59.05629999999999)	(27, 59.8082)	(28, 59.819599999999994)	(29, 59.0853)	(30, 59.8399)	(31, 60.001400000000004)	(32, 59.152800000000006)	(33, 59.955499999999994)	(34, 60.014599999999994)	(35, 59.227799999999995)	(36, 59.9762)	(37, 60.0709)	(38, 59.223499999999994)	(39, 60.0162)	(40, 60.0537)	(41, 59.291000000000004)	(42, 60.055899999999994)	(43, 60.0999)	(44, 59.3149)	(45, 60.0394)	(46, 60.1435)	(47, 59.323800000000006)	(48, 60.082)	(49, 60.142700000000005)	(50, 59.374700000000004)	(51, 60.075599999999994)	(52, 60.1444)	(53, 59.331100000000006)	(54, 60.0907)	(55, 60.1824)	(56, 59.36559999999999)	(57, 60.1023)	(58, 60.168299999999995)	(59, 59.3464)	(60, 60.1028)	(61, 60.1237)	(62, 59.339)	(63, 60.1016)	(64, 60.141)	(65, 59.338100000000004)	(66, 60.0944)	(67, 60.144299999999994)	(68, 59.3299)	(69, 60.1478)	(70, 60.1378)	(71, 59.381099999999996)	(72, 60.063100000000006)	(73, 60.115399999999994)	(74, 59.344699999999996)	(75, 60.0727)	(76, 60.1506)	(77, 59.388799999999996)	(78, 60.0649)	(79, 60.117)	(80, 59.384499999999996)	(81, 60.0897)	(82, 60.1244)	(83, 59.3438)	(84, 60.0418)	(85, 60.121100000000006)	(86, 59.422200000000004)	(87, 60.11149999999999)	(88, 60.138400000000004)	(89, 59.38290000000001)	(90, 60.1041)	(91, 60.106300000000005)	(92, 59.3501)	(93, 60.1071)	(94, 60.0985)	(95, 59.355199999999996)	(96, 60.1101)	(97, 60.123400000000004)	(98, 59.3999)	(99, 60.053599999999996)	(100, 60.1051)	(101, 59.3419)	(102, 60.05350000000001)	(103, 60.15970000000001)	(104, 59.3674)	(105, 60.07)	(106, 60.107200000000006)	(107, 59.3603)	(108, 60.05740000000001)	(109, 60.1093)	(110, 59.412600000000005)	(111, 60.0566)	(112, 60.15390000000001)	(113, 59.3518)	(114, 60.041500000000006)	(115, 60.109)	(116, 59.382400000000004)	(117, 60.0398)	(118, 60.107)	(119, 59.3726)	(120, 60.0719)	(121, 60.1349)	(122, 59.3607)	(123, 60.063599999999994)	(124, 60.0427)	(125, 59.40689999999999)	(126, 60.0176)	(127, 60.075100000000006)	(128, 59.32809999999999)	(129, 60.0665)	(130, 60.1051)	(131, 59.373799999999996)	(132, 60.0283)	(133, 60.06700000000001)	(134, 59.355199999999996)	(135, 60.038000000000004)	(136, 60.1023)	(137, 59.366699999999994)	(138, 60.044799999999995)	(139, 60.074000000000005)	(140, 59.3389)	(141, 60.0255)	(142, 60.0167)	(143, 59.3442)	(144, 60.0306)	(145, 60.101800000000004)	(146, 59.327200000000005)	(147, 59.9712)	(148, 60.026599999999995)	(149, 59.356500000000004)	(150, 60.007299999999994)
SRR39146893	(1, 61.3773)	(2, 57.2211)	(3, 59.2218)	(4, 60.93579999999999)	(5, 59.697199999999995)	(6, 60.5331)	(7, 60.4642)	(8, 59.272400000000005)	(9, 60.1124)	(10, 60.040499999999994)	(11, 59.1204)	(12, 59.9957)	(13, 59.8875)	(14, 59.0488)	(15, 59.8472)	(16, 59.9562)	(17, 59.151900000000005)	(18, 60.0158)	(19, 60.0649)	(20, 59.22389999999999)	(21, 60.0643)	(22, 60.1484)	(23, 59.2646)	(24, 60.14960000000001)	(25, 60.2371)	(26, 59.369400000000006)	(27, 60.2301)	(28, 60.2664)	(29, 59.409)	(30, 60.2854)	(31, 60.3274)	(32, 59.489999999999995)	(33, 60.3534)	(34, 60.39600000000001)	(35, 59.4866)	(36, 60.4328)	(37, 60.4522)	(38, 59.565)	(39, 60.439299999999996)	(40, 60.50410000000001)	(41, 59.6487)	(42, 60.5078)	(43, 60.4567)	(44, 59.648999999999994)	(45, 60.51499999999999)	(46, 60.5494)	(47, 59.6869)	(48, 60.5822)	(49, 60.547700000000006)	(50, 59.6935)	(51, 60.519400000000005)	(52, 60.522299999999994)	(53, 59.6746)	(54, 60.5032)	(55, 60.474000000000004)	(56, 59.6866)	(57, 60.5849)	(58, 60.5409)	(59, 59.7255)	(60, 60.6042)	(61, 60.5413)	(62, 59.6877)	(63, 60.608700000000006)	(64, 60.525099999999995)	(65, 59.708600000000004)	(66, 60.533300000000004)	(67, 60.528999999999996)	(68, 59.7185)	(69, 60.5777)	(70, 60.59759999999999)	(71, 59.6634)	(72, 60.5637)	(73, 60.577000000000005)	(74, 59.743599999999994)	(75, 60.5725)	(76, 60.5542)	(77, 59.675599999999996)	(78, 60.5614)	(79, 60.5116)	(80, 59.6959)	(81, 60.579499999999996)	(82, 60.544799999999995)	(83, 59.6944)	(84, 60.5844)	(85, 60.5865)	(86, 59.7594)	(87, 60.5728)	(88, 60.521499999999996)	(89, 59.7263)	(90, 60.5517)	(91, 60.5119)	(92, 59.7553)	(93, 60.5769)	(94, 60.529500000000006)	(95, 59.6729)	(96, 60.5561)	(97, 60.542300000000004)	(98, 59.75)	(99, 60.543)	(100, 60.5047)	(101, 59.680699999999995)	(102, 60.5414)	(103, 60.51800000000001)	(104, 59.7885)	(105, 60.492000000000004)	(106, 60.521899999999995)	(107, 59.6804)	(108, 60.4971)	(109, 60.495200000000004)	(110, 59.7255)	(111, 60.50600000000001)	(112, 60.5057)	(113, 59.6785)	(114, 60.513600000000004)	(115, 60.5217)	(116, 59.7045)	(117, 60.4902)	(118, 60.518899999999995)	(119, 59.728899999999996)	(120, 60.5553)	(121, 60.5104)	(122, 59.75620000000001)	(123, 60.5428)	(124, 60.480500000000006)	(125, 59.724)	(126, 60.47860000000001)	(127, 60.4788)	(128, 59.695699999999995)	(129, 60.526199999999996)	(130, 60.49099999999999)	(131, 59.7303)	(132, 60.4702)	(133, 60.4677)	(134, 59.735099999999996)	(135, 60.4405)	(136, 60.4504)	(137, 59.7016)	(138, 60.481300000000005)	(139, 60.447700000000005)	(140, 59.6935)	(141, 60.446999999999996)	(142, 60.420300000000005)	(143, 59.7332)	(144, 60.4556)	(145, 60.4112)	(146, 59.6696)	(147, 60.4525)	(148, 60.465599999999995)	(149, 59.6882)	(150, 60.5012)
SRR39146894	(1, 59.3425)	(2, 57.019)	(3, 58.8468)	(4, 60.3799)	(5, 59.2198)	(6, 60.009100000000004)	(7, 59.77980000000001)	(8, 58.5646)	(9, 59.3352)	(10, 59.3502)	(11, 58.5297)	(12, 59.209900000000005)	(13, 59.1109)	(14, 58.449799999999996)	(15, 59.201)	(16, 59.2557)	(17, 58.5)	(18, 59.2751)	(19, 59.3779)	(20, 58.6377)	(21, 59.4245)	(22, 59.37820000000001)	(23, 58.6392)	(24, 59.5312)	(25, 59.4735)	(26, 58.769099999999995)	(27, 59.532)	(28, 59.483)	(29, 58.830499999999994)	(30, 59.544200000000004)	(31, 59.596700000000006)	(32, 58.884800000000006)	(33, 59.6334)	(34, 59.6761)	(35, 58.917500000000004)	(36, 59.707)	(37, 59.756600000000006)	(38, 58.9831)	(39, 59.7703)	(40, 59.7263)	(41, 59.0623)	(42, 59.7649)	(43, 59.80180000000001)	(44, 59.0757)	(45, 59.78830000000001)	(46, 59.827799999999996)	(47, 59.1109)	(48, 59.8482)	(49, 59.852700000000006)	(50, 59.12)	(51, 59.852700000000006)	(52, 59.8364)	(53, 59.0864)	(54, 59.841)	(55, 59.861200000000004)	(56, 59.11300000000001)	(57, 59.861)	(58, 59.8507)	(59, 59.11880000000001)	(60, 59.924299999999995)	(61, 59.810399999999994)	(62, 59.108700000000006)	(63, 59.8549)	(64, 59.830799999999996)	(65, 59.0896)	(66, 59.88869999999999)	(67, 59.8727)	(68, 59.126)	(69, 59.8106)	(70, 59.7558)	(71, 59.067800000000005)	(72, 59.8653)	(73, 59.84589999999999)	(74, 59.1362)	(75, 59.8467)	(76, 59.8313)	(77, 59.148500000000006)	(78, 59.8639)	(79, 59.784000000000006)	(80, 59.126900000000006)	(81, 59.859899999999996)	(82, 59.7977)	(83, 59.0967)	(84, 59.7854)	(85, 59.812)	(86, 59.115300000000005)	(87, 59.855000000000004)	(88, 59.7929)	(89, 59.122)	(90, 59.8149)	(91, 59.7991)	(92, 59.11300000000001)	(93, 59.803799999999995)	(94, 59.7689)	(95, 59.136500000000005)	(96, 59.851600000000005)	(97, 59.810900000000004)	(98, 59.1558)	(99, 59.8201)	(100, 59.800799999999995)	(101, 59.0987)	(102, 59.8025)	(103, 59.8185)	(104, 59.1112)	(105, 59.839200000000005)	(106, 59.765299999999996)	(107, 59.1297)	(108, 59.84969999999999)	(109, 59.8082)	(110, 59.126999999999995)	(111, 59.817699999999995)	(112, 59.829)	(113, 59.148599999999995)	(114, 59.7718)	(115, 59.77590000000001)	(116, 59.126400000000004)	(117, 59.805299999999995)	(118, 59.7777)	(119, 59.0886)	(120, 59.827200000000005)	(121, 59.7695)	(122, 59.094)	(123, 59.8014)	(124, 59.6968)	(125, 59.07639999999999)	(126, 59.7943)	(127, 59.7434)	(128, 59.1004)	(129, 59.78059999999999)	(130, 59.7657)	(131, 59.104)	(132, 59.785)	(133, 59.777100000000004)	(134, 59.095)	(135, 59.836)	(136, 59.7526)	(137, 59.1024)	(138, 59.8179)	(139, 59.743900000000004)	(140, 59.087900000000005)	(141, 59.734500000000004)	(142, 59.7665)	(143, 59.087999999999994)	(144, 59.7827)	(145, 59.678200000000004)	(146, 59.094500000000004)	(147, 59.8105)	(148, 59.7371)	(149, 59.067099999999996)	(150, 59.7429)
SRR39146895	(1, 60.187400000000004)	(2, 57.2864)	(3, 59.7171)	(4, 61.142700000000005)	(5, 59.952099999999994)	(6, 60.7248)	(7, 60.4567)	(8, 59.2617)	(9, 59.9961)	(10, 59.934200000000004)	(11, 59.136)	(12, 59.891799999999996)	(13, 59.784099999999995)	(14, 59.0519)	(15, 59.8722)	(16, 59.885600000000004)	(17, 59.1082)	(18, 60.0312)	(19, 59.9428)	(20, 59.2108)	(21, 60.0966)	(22, 60.044200000000004)	(23, 59.2334)	(24, 60.1713)	(25, 60.143299999999996)	(26, 59.336299999999994)	(27, 60.2294)	(28, 60.2127)	(29, 59.467400000000005)	(30, 60.300399999999996)	(31, 60.2343)	(32, 59.509100000000004)	(33, 60.3069)	(34, 60.295)	(35, 59.4881)	(36, 60.4008)	(37, 60.334900000000005)	(38, 59.5607)	(39, 60.4086)	(40, 60.347899999999996)	(41, 59.6426)	(42, 60.498799999999996)	(43, 60.379400000000004)	(44, 59.6114)	(45, 60.455499999999994)	(46, 60.47749999999999)	(47, 59.65390000000001)	(48, 60.5192)	(49, 60.4209)	(50, 59.7055)	(51, 60.5155)	(52, 60.422200000000004)	(53, 59.681200000000004)	(54, 60.544399999999996)	(55, 60.502900000000004)	(56, 59.650400000000005)	(57, 60.5201)	(58, 60.5004)	(59, 59.6476)	(60, 60.528000000000006)	(61, 60.4703)	(62, 59.676300000000005)	(63, 60.527699999999996)	(64, 60.4839)	(65, 59.7049)	(66, 60.534699999999994)	(67, 60.45270000000001)	(68, 59.713499999999996)	(69, 60.5469)	(70, 60.4306)	(71, 59.6546)	(72, 60.544799999999995)	(73, 60.45700000000001)	(74, 59.69370000000001)	(75, 60.522600000000004)	(76, 60.4344)	(77, 59.68)	(78, 60.52459999999999)	(79, 60.4325)	(80, 59.6416)	(81, 60.496300000000005)	(82, 60.4367)	(83, 59.682500000000005)	(84, 60.557399999999994)	(85, 60.4541)	(86, 59.6491)	(87, 60.5186)	(88, 60.4152)	(89, 59.67400000000001)	(90, 60.5332)	(91, 60.446)	(92, 59.679300000000005)	(93, 60.5317)	(94, 60.4541)	(95, 59.6651)	(96, 60.4623)	(97, 60.4584)	(98, 59.6708)	(99, 60.5047)	(100, 60.388799999999996)	(101, 59.704100000000004)	(102, 60.5441)	(103, 60.4491)	(104, 59.6835)	(105, 60.4975)	(106, 60.390299999999996)	(107, 59.6378)	(108, 60.5172)	(109, 60.4384)	(110, 59.715300000000006)	(111, 60.48949999999999)	(112, 60.4208)	(113, 59.6808)	(114, 60.550000000000004)	(115, 60.4456)	(116, 59.67249999999999)	(117, 60.5191)	(118, 60.392599999999995)	(119, 59.707699999999996)	(120, 60.498799999999996)	(121, 60.4194)	(122, 59.686499999999995)	(123, 60.51180000000001)	(124, 60.3962)	(125, 59.700900000000004)	(126, 60.486799999999995)	(127, 60.426199999999994)	(128, 59.7209)	(129, 60.5297)	(130, 60.382400000000004)	(131, 59.737899999999996)	(132, 60.486399999999996)	(133, 60.431000000000004)	(134, 59.695)	(135, 60.505399999999995)	(136, 60.4285)	(137, 59.709599999999995)	(138, 60.495900000000006)	(139, 60.3895)	(140, 59.685)	(141, 60.4523)	(142, 60.370400000000004)	(143, 59.6589)	(144, 60.4634)	(145, 60.353699999999996)	(146, 59.678399999999996)	(147, 60.4558)	(148, 60.40370000000001)	(149, 59.6811)	(150, 60.483399999999996)
SRR39146896	(1, 59.311899999999994)	(2, 56.926500000000004)	(3, 58.7773)	(4, 60.3424)	(5, 59.1521)	(6, 59.9205)	(7, 59.8457)	(8, 58.6968)	(9, 59.377599999999994)	(10, 59.4606)	(11, 58.6253)	(12, 59.301899999999996)	(13, 59.2323)	(14, 58.5206)	(15, 59.2218)	(16, 59.3437)	(17, 58.606199999999994)	(18, 59.3702)	(19, 59.458299999999994)	(20, 58.70419999999999)	(21, 59.509299999999996)	(22, 59.546600000000005)	(23, 58.7951)	(24, 59.471700000000006)	(25, 59.6147)	(26, 58.7889)	(27, 59.5502)	(28, 59.6592)	(29, 58.9264)	(30, 59.6948)	(31, 59.7572)	(32, 58.9667)	(33, 59.7793)	(34, 59.830600000000004)	(35, 58.975100000000005)	(36, 59.758199999999995)	(37, 59.819599999999994)	(38, 59.012)	(39, 59.813300000000005)	(40, 59.8841)	(41, 59.067499999999995)	(42, 59.86939999999999)	(43, 59.9211)	(44, 59.12070000000001)	(45, 59.8843)	(46, 59.9866)	(47, 59.1633)	(48, 59.9312)	(49, 59.8995)	(50, 59.2029)	(51, 59.8896)	(52, 59.951)	(53, 59.152800000000006)	(54, 59.9267)	(55, 59.9153)	(56, 59.2079)	(57, 59.9417)	(58, 59.9058)	(59, 59.14620000000001)	(60, 59.9682)	(61, 59.999100000000006)	(62, 59.1886)	(63, 59.9407)	(64, 59.965900000000005)	(65, 59.1801)	(66, 59.9172)	(67, 59.9074)	(68, 59.2313)	(69, 59.9294)	(70, 59.9842)	(71, 59.181799999999996)	(72, 59.9264)	(73, 59.921)	(74, 59.184099999999994)	(75, 59.945499999999996)	(76, 59.9779)	(77, 59.156)	(78, 59.9043)	(79, 59.959799999999994)	(80, 59.19839999999999)	(81, 59.87820000000001)	(82, 59.9244)	(83, 59.1464)	(84, 59.964)	(85, 59.881499999999996)	(86, 59.152499999999996)	(87, 59.918499999999995)	(88, 59.8818)	(89, 59.183099999999996)	(90, 59.8966)	(91, 59.9197)	(92, 59.186099999999996)	(93, 59.877199999999995)	(94, 59.944399999999995)	(95, 59.2046)	(96, 59.8943)	(97, 59.8842)	(98, 59.1603)	(99, 59.8832)	(100, 59.881499999999996)	(101, 59.1638)	(102, 59.87820000000001)	(103, 59.9414)	(104, 59.178399999999996)	(105, 59.9297)	(106, 59.9073)	(107, 59.170100000000005)	(108, 59.894499999999994)	(109, 59.9001)	(110, 59.15859999999999)	(111, 59.9333)	(112, 59.886399999999995)	(113, 59.1901)	(114, 59.95)	(115, 59.878299999999996)	(116, 59.2079)	(117, 59.8383)	(118, 59.9039)	(119, 59.167)	(120, 59.9456)	(121, 59.918800000000005)	(122, 59.1996)	(123, 59.8816)	(124, 59.9038)	(125, 59.17059999999999)	(126, 59.88440000000001)	(127, 59.9366)	(128, 59.17829999999999)	(129, 59.9143)	(130, 59.8877)	(131, 59.197100000000006)	(132, 59.8661)	(133, 59.8826)	(134, 59.13119999999999)	(135, 59.8765)	(136, 59.8784)	(137, 59.17869999999999)	(138, 59.9038)	(139, 59.854600000000005)	(140, 59.1722)	(141, 59.8741)	(142, 59.8525)	(143, 59.178399999999996)	(144, 59.86559999999999)	(145, 59.8395)	(146, 59.1703)	(147, 59.8698)	(148, 59.8269)	(149, 59.1842)	(150, 59.820499999999996)
SRR39146897	(1, 60.2039)	(2, 57.105)	(3, 59.2035)	(4, 60.733599999999996)	(5, 59.528499999999994)	(6, 60.3683)	(7, 60.247099999999996)	(8, 59.016400000000004)	(9, 59.8818)	(10, 59.8934)	(11, 58.951)	(12, 59.687900000000006)	(13, 59.6522)	(14, 58.814299999999996)	(15, 59.6669)	(16, 59.7886)	(17, 58.9395)	(18, 59.810399999999994)	(19, 59.910399999999996)	(20, 59.0396)	(21, 59.932700000000004)	(22, 59.929100000000005)	(23, 59.1165)	(24, 60.002)	(25, 60.0373)	(26, 59.14469999999999)	(27, 60.0216)	(28, 60.0923)	(29, 59.2664)	(30, 60.1367)	(31, 60.126999999999995)	(32, 59.302)	(33, 60.18599999999999)	(34, 60.243)	(35, 59.3875)	(36, 60.2175)	(37, 60.2938)	(38, 59.3798)	(39, 60.252700000000004)	(40, 60.274899999999995)	(41, 59.4461)	(42, 60.28639999999999)	(43, 60.2978)	(44, 59.436299999999996)	(45, 60.3635)	(46, 60.3519)	(47, 59.522)	(48, 60.3781)	(49, 60.364399999999996)	(50, 59.4908)	(51, 60.3904)	(52, 60.37479999999999)	(53, 59.5548)	(54, 60.3502)	(55, 60.351600000000005)	(56, 59.53699999999999)	(57, 60.351600000000005)	(58, 60.2997)	(59, 59.512)	(60, 60.3914)	(61, 60.42340000000001)	(62, 59.5552)	(63, 60.39099999999999)	(64, 60.326299999999996)	(65, 59.5377)	(66, 60.3656)	(67, 60.3561)	(68, 59.543)	(69, 60.3879)	(70, 60.3453)	(71, 59.5686)	(72, 60.3401)	(73, 60.379799999999996)	(74, 59.53040000000001)	(75, 60.3449)	(76, 60.3438)	(77, 59.47559999999999)	(78, 60.330099999999995)	(79, 60.4072)	(80, 59.552499999999995)	(81, 60.3521)	(82, 60.3482)	(83, 59.569399999999995)	(84, 60.3938)	(85, 60.335300000000004)	(86, 59.5476)	(87, 60.349399999999996)	(88, 60.354699999999994)	(89, 59.5228)	(90, 60.34460000000001)	(91, 60.3533)	(92, 59.5078)	(93, 60.3564)	(94, 60.303)	(95, 59.5272)	(96, 60.2985)	(97, 60.3567)	(98, 59.524)	(99, 60.323800000000006)	(100, 60.332699999999996)	(101, 59.519800000000004)	(102, 60.3365)	(103, 60.3525)	(104, 59.5314)	(105, 60.3275)	(106, 60.324299999999994)	(107, 59.5172)	(108, 60.3563)	(109, 60.32189999999999)	(110, 59.555400000000006)	(111, 60.319)	(112, 60.3069)	(113, 59.516000000000005)	(114, 60.3314)	(115, 60.361399999999996)	(116, 59.5988)	(117, 60.3448)	(118, 60.30839999999999)	(119, 59.523700000000005)	(120, 60.3621)	(121, 60.332699999999996)	(122, 59.5307)	(123, 60.3132)	(124, 60.270199999999996)	(125, 59.506800000000005)	(126, 60.2877)	(127, 60.2895)	(128, 59.53960000000001)	(129, 60.307900000000004)	(130, 60.327799999999996)	(131, 59.541900000000005)	(132, 60.340700000000005)	(133, 60.3097)	(134, 59.4931)	(135, 60.2905)	(136, 60.3051)	(137, 59.5163)	(138, 60.270500000000006)	(139, 60.318099999999994)	(140, 59.583200000000005)	(141, 60.285999999999994)	(142, 60.2368)	(143, 59.51109999999999)	(144, 60.3289)	(145, 60.260000000000005)	(146, 59.548)	(147, 60.2846)	(148, 60.2282)	(149, 59.51220000000001)	(150, 60.2541)
SRR39146898	(1, 60.349)	(2, 57.3821)	(3, 59.230000000000004)	(4, 60.7105)	(5, 59.534200000000006)	(6, 60.2141)	(7, 60.0608)	(8, 58.8723)	(9, 59.4706)	(10, 59.5413)	(11, 58.69180000000001)	(12, 59.3499)	(13, 59.263)	(14, 58.6333)	(15, 59.3668)	(16, 59.420300000000005)	(17, 58.7189)	(18, 59.466499999999996)	(19, 59.560900000000004)	(20, 58.8139)	(21, 59.5418)	(22, 59.5808)	(23, 58.84779999999999)	(24, 59.6565)	(25, 59.687)	(26, 58.951299999999996)	(27, 59.6358)	(28, 59.7107)	(29, 59.04279999999999)	(30, 59.77869999999999)	(31, 59.7765)	(32, 59.087900000000005)	(33, 59.812200000000004)	(34, 59.8409)	(35, 59.087900000000005)	(36, 59.8957)	(37, 59.8996)	(38, 59.1645)	(39, 59.8855)	(40, 59.951)	(41, 59.2021)	(42, 59.9395)	(43, 59.911899999999996)	(44, 59.189)	(45, 59.9179)	(46, 59.9796)	(47, 59.2387)	(48, 60.0058)	(49, 59.9547)	(50, 59.262499999999996)	(51, 59.9654)	(52, 59.9712)	(53, 59.2778)	(54, 60.0063)	(55, 59.95740000000001)	(56, 59.241200000000006)	(57, 59.99719999999999)	(58, 59.9607)	(59, 59.246900000000004)	(60, 59.967999999999996)	(61, 59.97280000000001)	(62, 59.2541)	(63, 59.9956)	(64, 60.0325)	(65, 59.278)	(66, 59.980500000000006)	(67, 59.9144)	(68, 59.30459999999999)	(69, 59.970800000000004)	(70, 59.9541)	(71, 59.2836)	(72, 59.95740000000001)	(73, 59.9628)	(74, 59.283500000000004)	(75, 59.97710000000001)	(76, 59.941599999999994)	(77, 59.2661)	(78, 59.997699999999995)	(79, 59.9663)	(80, 59.260000000000005)	(81, 59.917500000000004)	(82, 59.9835)	(83, 59.25240000000001)	(84, 59.964)	(85, 59.9691)	(86, 59.298899999999996)	(87, 59.979000000000006)	(88, 59.9894)	(89, 59.260400000000004)	(90, 59.9495)	(91, 59.9306)	(92, 59.2515)	(93, 59.951100000000004)	(94, 59.931400000000004)	(95, 59.235099999999996)	(96, 59.944900000000004)	(97, 59.9816)	(98, 59.2886)	(99, 59.9978)	(100, 59.901700000000005)	(101, 59.2596)	(102, 59.9533)	(103, 59.923700000000004)	(104, 59.265)	(105, 59.9475)	(106, 59.9167)	(107, 59.2834)	(108, 59.9217)	(109, 59.941599999999994)	(110, 59.2473)	(111, 59.9025)	(112, 59.8957)	(113, 59.2839)	(114, 59.931)	(115, 59.940000000000005)	(116, 59.256)	(117, 59.9506)	(118, 59.9288)	(119, 59.2688)	(120, 59.9448)	(121, 59.932399999999994)	(122, 59.310300000000005)	(123, 59.925700000000006)	(124, 59.9011)	(125, 59.2673)	(126, 59.9144)	(127, 59.919999999999995)	(128, 59.2529)	(129, 59.9229)	(130, 59.941900000000004)	(131, 59.243500000000004)	(132, 59.9399)	(133, 59.89600000000001)	(134, 59.2046)	(135, 59.921899999999994)	(136, 59.866)	(137, 59.26240000000001)	(138, 59.8622)	(139, 59.8645)	(140, 59.2396)	(141, 59.891799999999996)	(142, 59.892199999999995)	(143, 59.218)	(144, 59.91069999999999)	(145, 59.8584)	(146, 59.1997)	(147, 59.8444)	(148, 59.84270000000001)	(149, 59.2074)	(150, 59.8425)
SRR39146899	(1, 60.494499999999995)	(2, 57.7462)	(3, 59.41610000000001)	(4, 60.8813)	(5, 59.84310000000001)	(6, 60.4284)	(7, 60.414699999999996)	(8, 59.265100000000004)	(9, 59.9058)	(10, 59.90220000000001)	(11, 59.029900000000005)	(12, 59.7175)	(13, 59.6614)	(14, 58.8769)	(15, 59.687900000000006)	(16, 59.7688)	(17, 58.9428)	(18, 59.7583)	(19, 59.9514)	(20, 59.0519)	(21, 59.8486)	(22, 59.8837)	(23, 59.123599999999996)	(24, 59.842099999999995)	(25, 59.944399999999995)	(26, 59.2242)	(27, 59.9306)	(28, 60.0356)	(29, 59.26240000000001)	(30, 60.0042)	(31, 60.1201)	(32, 59.325300000000006)	(33, 60.1051)	(34, 60.1372)	(35, 59.37329999999999)	(36, 60.11339999999999)	(37, 60.204100000000004)	(38, 59.38099999999999)	(39, 60.2301)	(40, 60.270199999999996)	(41, 59.4702)	(42, 60.195299999999996)	(43, 60.26390000000001)	(44, 59.479499999999994)	(45, 60.2124)	(46, 60.3006)	(47, 59.51610000000001)	(48, 60.260000000000005)	(49, 60.309599999999996)	(50, 59.5082)	(51, 60.1936)	(52, 60.2415)	(53, 59.5295)	(54, 60.2272)	(55, 60.318400000000004)	(56, 59.5604)	(57, 60.2711)	(58, 60.276700000000005)	(59, 59.530300000000004)	(60, 60.232600000000005)	(61, 60.2853)	(62, 59.524100000000004)	(63, 60.2276)	(64, 60.342600000000004)	(65, 59.591899999999995)	(66, 60.140499999999996)	(67, 60.242799999999995)	(68, 59.5214)	(69, 60.2741)	(70, 60.2891)	(71, 59.5219)	(72, 60.211499999999994)	(73, 60.270599999999995)	(74, 59.5243)	(75, 60.2356)	(76, 60.2912)	(77, 59.56399999999999)	(78, 60.17829999999999)	(79, 60.2923)	(80, 59.471399999999996)	(81, 60.252700000000004)	(82, 60.2632)	(83, 59.5229)	(84, 60.2342)	(85, 60.2017)	(86, 59.4734)	(87, 60.2391)	(88, 60.2847)	(89, 59.5077)	(90, 60.14319999999999)	(91, 60.242700000000006)	(92, 59.5275)	(93, 60.1737)	(94, 60.2904)	(95, 59.6032)	(96, 60.1599)	(97, 60.2223)	(98, 59.5839)	(99, 60.1963)	(100, 60.2631)	(101, 59.53380000000001)	(102, 60.1638)	(103, 60.2457)	(104, 59.502500000000005)	(105, 60.1929)	(106, 60.272800000000004)	(107, 59.5963)	(108, 60.1838)	(109, 60.2831)	(110, 59.542899999999996)	(111, 60.190999999999995)	(112, 60.203300000000006)	(113, 59.4878)	(114, 60.202)	(115, 60.236000000000004)	(116, 59.5488)	(117, 60.1909)	(118, 60.2044)	(119, 59.533100000000005)	(120, 60.156200000000005)	(121, 60.221999999999994)	(122, 59.5476)	(123, 60.2082)	(124, 60.2546)	(125, 59.5377)	(126, 60.1568)	(127, 60.2166)	(128, 59.4726)	(129, 60.1815)	(130, 60.2232)	(131, 59.561699999999995)	(132, 60.207100000000004)	(133, 60.2397)	(134, 59.510799999999996)	(135, 60.164899999999996)	(136, 60.246599999999994)	(137, 59.5167)	(138, 60.1626)	(139, 60.187400000000004)	(140, 59.4997)	(141, 60.170100000000005)	(142, 60.209500000000006)	(143, 59.469899999999996)	(144, 60.1677)	(145, 60.173100000000005)	(146, 59.4865)	(147, 60.1487)	(148, 60.1545)	(149, 59.516999999999996)	(150, 60.102999999999994)
SRR39146900	(1, 59.3422)	(2, 56.447199999999995)	(3, 58.5531)	(4, 60.046699999999994)	(5, 58.8565)	(6, 59.6276)	(7, 59.3621)	(8, 58.28640000000001)	(9, 58.920399999999994)	(10, 58.946600000000004)	(11, 58.114900000000006)	(12, 58.8155)	(13, 58.6746)	(14, 57.9916)	(15, 58.7462)	(16, 58.846399999999996)	(17, 58.0972)	(18, 58.9326)	(19, 58.9273)	(20, 58.186499999999995)	(21, 59.018899999999995)	(22, 58.961600000000004)	(23, 58.28339999999999)	(24, 59.123000000000005)	(25, 59.0692)	(26, 58.335300000000004)	(27, 59.08839999999999)	(28, 59.1056)	(29, 58.443400000000004)	(30, 59.229200000000006)	(31, 59.194199999999995)	(32, 58.50070000000001)	(33, 59.3001)	(34, 59.2271)	(35, 58.5244)	(36, 59.3216)	(37, 59.2814)	(38, 58.5686)	(39, 59.34779999999999)	(40, 59.3228)	(41, 58.5812)	(42, 59.414100000000005)	(43, 59.296899999999994)	(44, 58.609199999999994)	(45, 59.3442)	(46, 59.365)	(47, 58.6603)	(48, 59.4159)	(49, 59.3462)	(50, 58.6827)	(51, 59.3893)	(52, 59.377500000000005)	(53, 58.7187)	(54, 59.402)	(55, 59.3692)	(56, 58.6765)	(57, 59.4384)	(58, 59.317)	(59, 58.7082)	(60, 59.447)	(61, 59.34739999999999)	(62, 58.678399999999996)	(63, 59.44540000000001)	(64, 59.357099999999996)	(65, 58.7093)	(66, 59.4464)	(67, 59.3682)	(68, 58.6791)	(69, 59.4282)	(70, 59.397299999999994)	(71, 58.668699999999994)	(72, 59.39489999999999)	(73, 59.343900000000005)	(74, 58.6866)	(75, 59.40260000000001)	(76, 59.378299999999996)	(77, 58.656)	(78, 59.404900000000005)	(79, 59.321)	(80, 58.69950000000001)	(81, 59.377199999999995)	(82, 59.401199999999996)	(83, 58.6685)	(84, 59.4025)	(85, 59.3745)	(86, 58.6578)	(87, 59.374700000000004)	(88, 59.3307)	(89, 58.6742)	(90, 59.35510000000001)	(91, 59.3108)	(92, 58.6765)	(93, 59.351200000000006)	(94, 59.3345)	(95, 58.668200000000006)	(96, 59.4106)	(97, 59.357899999999994)	(98, 58.653200000000005)	(99, 59.38139999999999)	(100, 59.2948)	(101, 58.6971)	(102, 59.38870000000001)	(103, 59.398300000000006)	(104, 58.6761)	(105, 59.349399999999996)	(106, 59.3197)	(107, 58.6626)	(108, 59.339)	(109, 59.3268)	(110, 58.675900000000006)	(111, 59.3357)	(112, 59.3385)	(113, 58.7342)	(114, 59.34930000000001)	(115, 59.3515)	(116, 58.702)	(117, 59.3567)	(118, 59.3244)	(119, 58.696099999999994)	(120, 59.3937)	(121, 59.353699999999996)	(122, 58.7049)	(123, 59.3798)	(124, 59.304100000000005)	(125, 58.655699999999996)	(126, 59.3387)	(127, 59.310700000000004)	(128, 58.6971)	(129, 59.355199999999996)	(130, 59.3024)	(131, 58.7387)	(132, 59.3621)	(133, 59.2873)	(134, 58.6915)	(135, 59.3361)	(136, 59.275800000000004)	(137, 58.648)	(138, 59.3583)	(139, 59.274499999999996)	(140, 58.660199999999996)	(141, 59.3415)	(142, 59.2684)	(143, 58.6296)	(144, 59.3715)	(145, 59.260999999999996)	(146, 58.6773)	(147, 59.342099999999995)	(148, 59.2937)	(149, 58.648999999999994)	(150, 59.244)
