Sample	0	1	2	3	4	5	6	7	8	9	10	11	12	13	14	15	16	17	18	19	20	21	22	23	24	25	26	27	28	29	30	31	32	33	34	35	36	37	38	39	40	41	42	43	44	45	46	47	48	49	50	51	52	53	54	55	56	57	58	59	60	61	62	63	64	65	66	67	68	69	70	71	72	73	74	75	76	77	78	79	80	81	82	83	84	85	86	87	88	89	90	91	92	93	94	95	96	97	98	99	100	101	102	103	104	105	106	107	108	109	110	111	112	113	114	115	116	117	118	119	120	121	122	123	124	125	126	127	128	129	130	131	132	133	134	135	136	137	138	139	140	141	142	143	144	145	146	147	148	149
SRR39139285	(1, 0.0)	(2, 0.23053)	(3, 0.0)	(4, 0.0125416)	(5, 0.0)	(6, 0.000561277)	(7, 0.0)	(8, 0.0)	(9, 0.0)	(10, 0.000135481)	(11, 0.0)	(12, 0.0023805899999999997)	(13, 0.0)	(14, 0.0)	(15, 0.0)	(16, 0.00478053)	(17, 7.74175e-05)	(18, 0.0)	(19, 0.0030966999999999995)	(20, 0.000812884)	(21, 0.0)	(22, 0.000638695)	(23, 0.0)	(24, 0.0)	(25, 0.0)	(26, 0.0)	(27, 0.0)	(28, 0.0)	(29, 5.8063200000000003e-05)	(30, 3.87088e-05)	(31, 0.000735467)	(32, 0.0)	(33, 0.0)	(34, 0.00435474)	(35, 0.0)	(36, 0.0117868)	(37, 1.93597e-05)	(38, 0.0)	(39, 0.0)	(40, 0.0)	(41, 0.000290705)	(42, 0.00038770899999999997)	(43, 0.0)	(44, 0.0)	(45, 0.0)	(46, 5.82156e-05)	(47, 0.0)	(48, 1.94146e-05)	(49, 0.0)	(50, 0.0)	(51, 0.0)	(52, 0.00293436)	(53, 3.88743e-05)	(54, 0.0)	(55, 0.0)	(56, 0.0)	(57, 0.0)	(58, 0.0)	(59, 0.0)	(60, 0.0)	(61, 0.0)	(62, 0.0)	(63, 7.79157e-05)	(64, 0.0)	(65, 0.0)	(66, 0.0)	(67, 0.0)	(68, 0.0)	(69, 0.0)	(70, 0.00035114)	(71, 0.00101462)	(72, 0.000487908)	(73, 5.85625e-05)	(74, 0.0)	(75, 0.0)	(76, 0.000839953)	(77, 0.000527535)	(78, 0.0)	(79, 0.0)	(80, 0.0)	(81, 0.007059490000000001)	(82, 0.0)	(83, 0.0)	(84, 0.000156548)	(85, 0.0)	(86, 0.0)	(87, 0.000411233)	(88, 0.000705132)	(89, 0.0)	(90, 0.00209679)	(91, 0.0)	(92, 0.0)	(93, 0.000196097)	(94, 0.0)	(95, 0.0)	(96, 0.0)	(97, 0.00033368700000000005)	(98, 0.000392669)	(99, 1.9638299999999998e-05)	(100, 0.0)	(101, 0.0)	(102, 0.0)	(103, 0.0)	(104, 0.0)	(105, 1.96685e-05)	(106, 5.9022e-05)	(107, 7.87195e-05)	(108, 0.0)	(109, 0.0)	(110, 0.0)	(111, 0.0)	(112, 0.0)	(113, 0.0)	(114, 0.0)	(115, 1.97271e-05)	(116, 0.0)	(117, 0.0)	(118, 0.0720774)	(119, 0.0)	(120, 0.0008101720000000001)	(121, 0.000889506)	(122, 0.0)	(123, 0.0)	(124, 0.0)	(125, 0.00015835599999999999)	(126, 0.0)	(127, 0.000475444)	(128, 1.98186e-05)	(129, 7.93101e-05)	(130, 0.0)	(131, 0.0)	(132, 0.000555925)	(133, 0.0)	(134, 0.000158993)	(135, 7.95386e-05)	(136, 0.0)	(137, 0.0)	(138, 0.0)	(139, 0.0)	(140, 0.0)	(141, 0.0)	(142, 0.0)	(143, 0.0)	(144, 0.0013802699999999998)	(145, 0.0)	(146, 0.0)	(147, 0.0)	(148, 0.0)	(149, 0.00020054)	(150, 0.0)
SRR39146138	(1, 0.0)	(2, 0.228576)	(3, 0.0)	(4, 0.012953300000000001)	(5, 0.0)	(6, 0.0008722150000000001)	(7, 0.0)	(8, 0.0)	(9, 0.0)	(10, 0.000148462)	(11, 0.0)	(12, 0.00211558)	(13, 0.0)	(14, 0.0)	(15, 0.0)	(16, 0.00476934)	(17, 9.278880000000001e-05)	(18, 0.0)	(19, 0.00293213)	(20, 0.000779426)	(21, 0.0)	(22, 0.000705195)	(23, 0.0)	(24, 0.0)	(25, 0.0)	(26, 0.0)	(27, 0.0)	(28, 0.0)	(29, 3.71155e-05)	(30, 0.0)	(31, 0.0008165410000000001)	(32, 3.71155e-05)	(33, 0.0)	(34, 0.00469511)	(35, 0.0)	(36, 0.0122667)	(37, 0.0)	(38, 0.0)	(39, 0.0)	(40, 0.0)	(41, 0.000111496)	(42, 0.000278814)	(43, 0.0)	(44, 0.0)	(45, 0.0)	(46, 0.00018607499999999998)	(47, 0.0)	(48, 9.3084e-05)	(49, 0.0)	(50, 0.0)	(51, 0.0)	(52, 0.0028883399999999997)	(53, 0.0)	(54, 0.0)	(55, 0.0)	(56, 0.0)	(57, 0.0)	(58, 0.0)	(59, 0.0)	(60, 0.0)	(61, 0.0)	(62, 0.0)	(63, 7.47258e-05)	(64, 0.0)	(65, 0.0)	(66, 0.0)	(67, 1.86982e-05)	(68, 0.0)	(69, 0.0)	(70, 0.00048648999999999996)	(71, 0.000917061)	(72, 0.000355677)	(73, 0.00020596799999999998)	(74, 1.87287e-05)	(75, 1.8733e-05)	(76, 0.000824442)	(77, 0.00063722)	(78, 0.0)	(79, 0.0)	(80, 0.0)	(81, 0.00635947)	(82, 0.0)	(83, 0.0)	(84, 0.00022527500000000001)	(85, 0.0)	(86, 0.0)	(87, 0.000582392)	(88, 0.000676498)	(89, 0.0)	(90, 0.0016356499999999998)	(91, 0.0)	(92, 0.0)	(93, 9.40699e-05)	(94, 0.0)	(95, 0.0)	(96, 0.0)	(97, 0.000207164)	(98, 0.000414436)	(99, 0.0)	(100, 0.0)	(101, 0.0)	(102, 0.0)	(103, 0.0)	(104, 5.66059e-05)	(105, 0.0)	(106, 1.88798e-05)	(107, 0.000113315)	(108, 0.0)	(109, 0.0)	(110, 0.0)	(111, 0.0)	(112, 0.0)	(113, 0.0)	(114, 0.0)	(115, 1.89356e-05)	(116, 0.0)	(117, 0.0)	(118, 0.0736292)	(119, 0.0)	(120, 0.0009106149999999999)	(121, 0.0011956100000000002)	(122, 0.0)	(123, 0.0)	(124, 0.0)	(125, 0.000171073)	(126, 0.0)	(127, 0.000361482)	(128, 0.0)	(129, 9.5221e-05)	(130, 0.0)	(131, 0.0)	(132, 0.000572211)	(133, 0.0)	(134, 0.00013366799999999998)	(135, 1.91072e-05)	(136, 0.0)	(137, 0.0)	(138, 0.0)	(139, 0.0)	(140, 0.0)	(141, 0.0)	(142, 0.0)	(143, 0.0)	(144, 0.0010003500000000001)	(145, 0.0)	(146, 0.0)	(147, 0.0)	(148, 0.0)	(149, 0.000270164)	(150, 0.0)
SRR39146893	(1, 2.13377e-05)	(2, 0.234928)	(3, 0.0)	(4, 0.012674600000000001)	(5, 0.0)	(6, 0.0005547799999999999)	(7, 0.0)	(8, 0.0)	(9, 0.0)	(10, 0.00021337699999999997)	(11, 0.0)	(12, 0.0015576499999999998)	(13, 0.0)	(14, 0.0)	(15, 0.0)	(16, 0.00456626)	(17, 0.0)	(18, 0.0)	(19, 0.00247517)	(20, 0.00044809099999999996)	(21, 0.0)	(22, 0.0007041440000000001)	(23, 0.0)	(24, 0.0)	(25, 0.0)	(26, 0.0)	(27, 0.0)	(28, 0.0)	(29, 6.40131e-05)	(30, 4.26754e-05)	(31, 0.0008108319999999999)	(32, 2.13377e-05)	(33, 0.0)	(34, 0.00411817)	(35, 0.0)	(36, 0.0113943)	(37, 0.0)	(38, 0.0)	(39, 0.0)	(40, 0.0)	(41, 0.000128197)	(42, 0.00025646)	(43, 2.13772e-05)	(44, 0.0)	(45, 0.0)	(46, 0.000106967)	(47, 0.0)	(48, 4.28073e-05)	(49, 0.0)	(50, 0.0)	(51, 0.0)	(52, 0.00259217)	(53, 0.0)	(54, 0.0)	(55, 0.0)	(56, 0.0)	(57, 0.0)	(58, 0.0)	(59, 0.0)	(60, 0.0)	(61, 0.0)	(62, 0.0)	(63, 0.00010737500000000001)	(64, 0.0)	(65, 0.0)	(66, 0.0)	(67, 2.14933e-05)	(68, 0.0)	(69, 0.0)	(70, 0.00040863400000000006)	(71, 0.0007529)	(72, 0.00043032)	(73, 0.000129123)	(74, 0.0)	(75, 0.0)	(76, 0.000646029)	(77, 0.000581556)	(78, 0.0)	(79, 0.0)	(80, 0.0)	(81, 0.00541087)	(82, 0.0)	(83, 0.0)	(84, 0.000280425)	(85, 0.0)	(86, 0.0)	(87, 0.000302209)	(88, 0.000388639)	(89, 0.0)	(90, 0.0018576999999999999)	(91, 0.0)	(92, 0.0)	(93, 8.6464e-05)	(94, 0.0)	(95, 0.0)	(96, 0.0)	(97, 0.000238003)	(98, 0.00041119499999999994)	(99, 0.0)	(100, 0.0)	(101, 0.0)	(102, 0.0)	(103, 0.0)	(104, 0.0)	(105, 0.0)	(106, 4.3371399999999996e-05)	(107, 6.50756e-05)	(108, 0.0)	(109, 0.0)	(110, 0.0)	(111, 0.0)	(112, 0.0)	(113, 0.0)	(114, 0.0)	(115, 0.0)	(116, 0.0)	(117, 0.0)	(118, 0.0707201)	(119, 0.0)	(120, 0.0006316560000000001)	(121, 0.0009586849999999999)	(122, 0.0)	(123, 0.0)	(124, 0.0)	(125, 0.000109096)	(126, 0.0)	(127, 0.000524074)	(128, 0.0)	(129, 0.00010927699999999999)	(130, 0.0)	(131, 0.0)	(132, 0.000372045)	(133, 0.0)	(134, 0.000240968)	(135, 8.76713e-05)	(136, 0.0)	(137, 0.0)	(138, 0.0)	(139, 0.0)	(140, 0.0)	(141, 0.0)	(142, 0.0)	(143, 0.0)	(144, 0.00127896)	(145, 0.0)	(146, 0.0)	(147, 0.0)	(148, 0.0)	(149, 0.000265281)	(150, 0.0)
SRR39146894	(1, 0.0)	(2, 0.23393799999999998)	(3, 0.0)	(4, 0.0125866)	(5, 0.0)	(6, 0.000723369)	(7, 0.0)	(8, 0.0)	(9, 0.0)	(10, 0.00022734499999999997)	(11, 0.0)	(12, 0.0019841)	(13, 0.0)	(14, 0.0)	(15, 0.0)	(16, 0.00487758)	(17, 2.06677e-05)	(18, 0.0)	(19, 0.0030174800000000003)	(20, 0.000847376)	(21, 0.0)	(22, 0.0006613659999999999)	(23, 0.0)	(24, 0.0)	(25, 0.0)	(26, 0.0)	(27, 0.0)	(28, 0.0)	(29, 2.06677e-05)	(30, 2.06677e-05)	(31, 0.000702702)	(32, 2.06677e-05)	(33, 0.0)	(34, 0.00425755)	(35, 0.0)	(36, 0.0120493)	(37, 0.0)	(38, 0.0)	(39, 0.0)	(40, 0.0)	(41, 0.000103476)	(42, 0.00039331100000000003)	(43, 0.0)	(44, 0.0)	(45, 0.0)	(46, 8.28893e-05)	(47, 0.0)	(48, 0.000103661)	(49, 0.0)	(50, 0.0)	(51, 0.0)	(52, 0.0029467)	(53, 0.0)	(54, 0.0)	(55, 0.0)	(56, 0.0)	(57, 0.0)	(58, 0.0)	(59, 0.0)	(60, 0.0)	(61, 0.0)	(62, 0.0)	(63, 8.32045e-05)	(64, 0.0)	(65, 0.0)	(66, 0.0)	(67, 0.0)	(68, 0.0)	(69, 0.0)	(70, 0.000374992)	(71, 0.00108357)	(72, 0.000521063)	(73, 0.00014593)	(74, 0.0)	(75, 0.0)	(76, 0.000730128)	(77, 0.000625962)	(78, 0.0)	(79, 0.0)	(80, 0.0)	(81, 0.0067664399999999994)	(82, 0.0)	(83, 0.0)	(84, 0.00025077199999999996)	(85, 0.0)	(86, 0.0)	(87, 0.00062736)	(88, 0.000543841)	(89, 0.0)	(90, 0.00165319)	(91, 0.0)	(92, 0.0)	(93, 6.28225e-05)	(94, 0.0)	(95, 0.0)	(96, 0.0)	(97, 0.000251532)	(98, 0.00029352400000000003)	(99, 2.0971e-05)	(100, 0.0)	(101, 0.0)	(102, 0.0)	(103, 0.0)	(104, 0.0)	(105, 0.0)	(106, 2.1008899999999998e-05)	(107, 0.0)	(108, 0.0)	(109, 0.0)	(110, 0.0)	(111, 0.0)	(112, 0.0)	(113, 0.0)	(114, 0.0)	(115, 2.10656e-05)	(116, 0.0)	(117, 0.0)	(118, 0.0711909)	(119, 0.0)	(120, 0.0009073779999999999)	(121, 0.000907693)	(122, 0.0)	(123, 0.0)	(124, 0.0)	(125, 0.00025367799999999997)	(126, 0.0)	(127, 0.000444299)	(128, 2.11661e-05)	(129, 0.000127052)	(130, 0.0)	(131, 0.0)	(132, 0.0006785539999999999)	(133, 0.0)	(134, 8.49038e-05)	(135, 4.24749e-05)	(136, 0.0)	(137, 0.0)	(138, 0.0)	(139, 0.0)	(140, 0.0)	(141, 0.0)	(142, 0.0)	(143, 0.0)	(144, 0.00108989)	(145, 0.0)	(146, 0.0)	(147, 0.0)	(148, 0.0)	(149, 0.000235726)	(150, 0.0)
SRR39146895	(1, 0.0)	(2, 0.231586)	(3, 0.0)	(4, 0.0117328)	(5, 0.0)	(6, 0.000567084)	(7, 0.0)	(8, 0.0)	(9, 0.0)	(10, 0.000117328)	(11, 0.0)	(12, 0.00199457)	(13, 0.0)	(14, 0.0)	(15, 0.0)	(16, 0.00516242)	(17, 1.95546e-05)	(18, 0.0)	(19, 0.00316785)	(20, 0.000879958)	(21, 0.0)	(22, 0.000782185)	(23, 0.0)	(24, 0.0)	(25, 0.0)	(26, 0.0)	(27, 0.0)	(28, 0.0)	(29, 7.82185e-05)	(30, 0.0)	(31, 0.000899513)	(32, 3.91093e-05)	(33, 0.0)	(34, 0.0042042500000000005)	(35, 0.0)	(36, 0.0123585)	(37, 3.91206e-05)	(38, 0.0)	(39, 1.9571e-05)	(40, 0.0)	(41, 5.87429e-05)	(42, 0.000195863)	(43, 0.0)	(44, 0.0)	(45, 0.0)	(46, 0.000137247)	(47, 0.0)	(48, 5.88485e-05)	(49, 0.0)	(50, 0.0)	(51, 0.0)	(52, 0.00286665)	(53, 0.0)	(54, 0.0)	(55, 0.0)	(56, 1.96531e-05)	(57, 0.0)	(58, 0.0)	(59, 0.0)	(60, 0.0)	(61, 0.0)	(62, 0.0)	(63, 0.00011811)	(64, 0.0)	(65, 0.0)	(66, 1.9698e-05)	(67, 0.0)	(68, 0.0)	(69, 0.0)	(70, 0.000276021)	(71, 0.000749375)	(72, 0.000453673)	(73, 9.86483e-05)	(74, 0.0)	(75, 1.97392e-05)	(76, 0.000809498)	(77, 0.0006516989999999999)	(78, 0.0)	(79, 0.0)	(80, 0.0)	(81, 0.00644419)	(82, 0.0)	(83, 0.0)	(84, 0.00017803600000000001)	(85, 0.0)	(86, 0.0)	(87, 0.00039593999999999995)	(88, 0.00065346)	(89, 0.0)	(90, 0.0016047300000000002)	(91, 0.0)	(92, 0.0)	(93, 3.9653e-05)	(94, 0.0)	(95, 0.0)	(96, 0.0)	(97, 0.000258007)	(98, 0.00021837200000000002)	(99, 0.0)	(100, 0.0)	(101, 0.0)	(102, 0.0)	(103, 0.0)	(104, 0.0)	(105, 0.0)	(106, 7.958499999999999e-05)	(107, 3.9806e-05)	(108, 0.0)	(109, 0.0)	(110, 0.0)	(111, 0.0)	(112, 0.0)	(113, 0.0)	(114, 0.0)	(115, 0.0)	(116, 0.0)	(117, 0.0)	(118, 0.0726548)	(119, 0.0)	(120, 0.0007796579999999999)	(121, 0.000879922)	(122, 0.0)	(123, 0.0)	(124, 0.0)	(125, 0.000160233)	(126, 0.0)	(127, 0.000340792)	(128, 0.0)	(129, 8.0262e-05)	(130, 0.0)	(131, 0.0)	(132, 0.000341623)	(133, 0.0)	(134, 6.03492e-05)	(135, 2.01276e-05)	(136, 0.0)	(137, 0.0)	(138, 0.0)	(139, 0.0)	(140, 0.0)	(141, 0.0)	(142, 0.0)	(143, 0.0)	(144, 0.00113439)	(145, 0.0)	(146, 0.0)	(147, 0.0)	(148, 0.0)	(149, 0.00018281)	(150, 0.0)
SRR39146896	(1, 4.63556e-05)	(2, 0.22751300000000002)	(3, 0.0)	(4, 0.01291)	(5, 0.0)	(6, 0.000648978)	(7, 0.0)	(8, 0.0)	(9, 0.0)	(10, 0.000231778)	(11, 0.0)	(12, 0.00206282)	(13, 0.0)	(14, 0.0)	(15, 0.0)	(16, 0.00447331)	(17, 4.63556e-05)	(18, 0.0)	(19, 0.00231778)	(20, 0.000857578)	(21, 0.0)	(22, 0.0005562669999999999)	(23, 0.0)	(24, 0.0)	(25, 0.0)	(26, 0.0)	(27, 0.0)	(28, 0.0)	(29, 2.31778e-05)	(30, 0.0)	(31, 0.000788045)	(32, 2.31778e-05)	(33, 0.0)	(34, 0.00419518)	(35, 0.0)	(36, 0.0114035)	(37, 2.31851e-05)	(38, 0.0)	(39, 2.31988e-05)	(40, 0.0)	(41, 2.32114e-05)	(42, 0.00030183099999999996)	(43, 0.0)	(44, 0.0)	(45, 0.0)	(46, 9.29718e-05)	(47, 0.0)	(48, 4.65097e-05)	(49, 0.0)	(50, 0.0)	(51, 0.0)	(52, 0.0024209099999999996)	(53, 0.0)	(54, 0.0)	(55, 0.0)	(56, 4.65984e-05)	(57, 0.0)	(58, 0.0)	(59, 0.0)	(60, 0.0)	(61, 0.0)	(62, 0.0)	(63, 9.33515e-05)	(64, 0.0)	(65, 0.0)	(66, 0.0)	(67, 0.0)	(68, 0.0)	(69, 0.0)	(70, 0.000514248)	(71, 0.000771556)	(72, 0.000420949)	(73, 4.6783199999999996e-05)	(74, 0.0)	(75, 2.34032e-05)	(76, 0.0005618050000000001)	(77, 0.000679007)	(78, 0.0)	(79, 0.0)	(80, 0.0)	(81, 0.0059057)	(82, 0.0)	(83, 0.0)	(84, 0.000140714)	(85, 0.0)	(86, 0.0)	(87, 0.000563292)	(88, 0.000610383)	(89, 0.0)	(90, 0.00162069)	(91, 0.0)	(92, 0.0)	(93, 2.3505899999999998e-05)	(94, 0.0)	(95, 0.0)	(96, 0.0)	(97, 9.41217e-05)	(98, 0.000376588)	(99, 0.0)	(100, 0.0)	(101, 0.0)	(102, 0.0)	(103, 0.0)	(104, 0.0)	(105, 0.0)	(106, 0.00014153400000000002)	(107, 9.43864e-05)	(108, 0.0)	(109, 0.0)	(110, 0.0)	(111, 0.0)	(112, 0.0)	(113, 0.0)	(114, 0.0)	(115, 0.0)	(116, 0.0)	(117, 0.0)	(118, 0.0656757)	(119, 0.0)	(120, 0.0009006540000000001)	(121, 0.000663878)	(122, 0.0)	(123, 0.0)	(124, 0.0)	(125, 0.000189974)	(126, 0.0)	(127, 0.00042782199999999996)	(128, 4.7558199999999995e-05)	(129, 9.5163e-05)	(130, 0.0)	(131, 0.0)	(132, 0.000476541)	(133, 0.0)	(134, 0.00021467399999999998)	(135, 9.546500000000001e-05)	(136, 0.0)	(137, 0.0)	(138, 0.0)	(139, 0.0)	(140, 0.0)	(141, 0.0)	(142, 0.0)	(143, 0.0)	(144, 0.0009130949999999999)	(145, 0.0)	(146, 0.0)	(147, 0.0)	(148, 0.0)	(149, 0.000168696)	(150, 0.0)
SRR39146897	(1, 1.99713e-05)	(2, 0.23468299999999997)	(3, 0.0)	(4, 0.0122025)	(5, 0.0)	(6, 0.000818824)	(7, 0.0)	(8, 0.0)	(9, 0.0)	(10, 0.00021968400000000002)	(11, 0.0)	(12, 0.00221682)	(13, 0.0)	(14, 0.0)	(15, 0.0)	(16, 0.00481309)	(17, 5.99139e-05)	(18, 0.0)	(19, 0.0026162399999999997)	(20, 0.000938652)	(21, 0.0)	(22, 0.0007389380000000001)	(23, 0.0)	(24, 0.0)	(25, 0.0)	(26, 0.0)	(27, 0.0)	(28, 0.0)	(29, 7.98852e-05)	(30, 0.0)	(31, 0.00075891)	(32, 3.99426e-05)	(33, 0.0)	(34, 0.00411409)	(35, 0.0)	(36, 0.0119229)	(37, 0.0)	(38, 0.0)	(39, 0.0)	(40, 0.0)	(41, 0.000159994)	(42, 0.00026006)	(43, 2.00099e-05)	(44, 0.0)	(45, 0.0)	(46, 0.000100133)	(47, 0.0)	(48, 6.01105e-05)	(49, 0.0)	(50, 0.0)	(51, 0.0)	(52, 0.00272774)	(53, 0.0)	(54, 0.0)	(55, 0.0)	(56, 0.0)	(57, 0.0)	(58, 0.0)	(59, 0.0)	(60, 0.0)	(61, 0.0)	(62, 0.0)	(63, 0.0)	(64, 0.0)	(65, 0.0)	(66, 2.01215e-05)	(67, 0.0)	(68, 0.0)	(69, 0.0)	(70, 0.000563911)	(71, 0.0008259259999999999)	(72, 0.00040298799999999996)	(73, 8.06177e-05)	(74, 0.0)	(75, 2.0164e-05)	(76, 0.000705906)	(77, 0.000665729)	(78, 0.0)	(79, 0.0)	(80, 0.0)	(81, 0.00664329)	(82, 0.0)	(83, 0.0)	(84, 0.00020206300000000002)	(85, 0.0)	(86, 0.0)	(87, 0.000404429)	(88, 0.0007079279999999999)	(89, 0.0)	(90, 0.00151775)	(91, 0.0)	(92, 0.0)	(93, 6.0755400000000004e-05)	(94, 0.0)	(95, 0.0)	(96, 0.0)	(97, 0.00026354300000000003)	(98, 0.000283888)	(99, 0.0)	(100, 0.0)	(101, 0.0)	(102, 0.0)	(103, 0.0)	(104, 0.0)	(105, 2.03164e-05)	(106, 0.000121935)	(107, 4.0657799999999996e-05)	(108, 0.0)	(109, 0.0)	(110, 0.0)	(111, 0.0)	(112, 0.0)	(113, 0.0)	(114, 0.0)	(115, 4.07632e-05)	(116, 0.0)	(117, 0.0)	(118, 0.0689028)	(119, 0.0)	(120, 0.000775899)	(121, 0.000898725)	(122, 0.0)	(123, 0.0)	(124, 0.0)	(125, 0.00020457000000000003)	(126, 0.0)	(127, 0.00047093799999999996)	(128, 2.0485e-05)	(129, 0.000143463)	(130, 0.0)	(131, 0.0)	(132, 0.00036945)	(133, 0.0)	(134, 0.00020547)	(135, 0.0)	(136, 0.0)	(137, 0.0)	(138, 0.0)	(139, 0.0)	(140, 0.0)	(141, 0.0)	(142, 0.0)	(143, 0.0)	(144, 0.000993224)	(145, 0.0)	(146, 0.0)	(147, 0.0)	(148, 0.0)	(149, 0.000207514)	(150, 0.0)
SRR39146898	(1, 0.0)	(2, 0.232056)	(3, 0.0)	(4, 0.012677500000000001)	(5, 0.0)	(6, 0.000791165)	(7, 0.0)	(8, 0.0)	(9, 0.0)	(10, 0.000169535)	(11, 0.0)	(12, 0.00205326)	(13, 0.0)	(14, 0.0)	(15, 0.0)	(16, 0.0048411800000000005)	(17, 5.6511799999999997e-05)	(18, 0.0)	(19, 0.00305164)	(20, 0.0005839549999999999)	(21, 0.0)	(22, 0.00062163)	(23, 0.0)	(24, 0.0)	(25, 0.0)	(26, 0.0)	(27, 0.0)	(28, 0.0)	(29, 0.0)	(30, 0.0)	(31, 0.000772328)	(32, 1.88373e-05)	(33, 0.0)	(34, 0.00437025)	(35, 0.0)	(36, 0.0117921)	(37, 1.88431e-05)	(38, 0.0)	(39, 0.0)	(40, 0.0)	(41, 9.43165e-05)	(42, 0.00024528800000000003)	(43, 0.0)	(44, 0.0)	(45, 0.0)	(46, 0.000151106)	(47, 0.0)	(48, 9.448929999999999e-05)	(49, 0.0)	(50, 0.0)	(51, 0.0)	(52, 0.00278061)	(53, 0.0)	(54, 0.0)	(55, 0.0)	(56, 0.0)	(57, 0.0)	(58, 0.0)	(59, 0.0)	(60, 0.0)	(61, 0.0)	(62, 0.0)	(63, 9.481419999999999e-05)	(64, 0.0)	(65, 0.0)	(66, 1.89751e-05)	(67, 1.89796e-05)	(68, 0.0)	(69, 0.0)	(70, 0.000455813)	(71, 0.000759875)	(72, 0.000437031)	(73, 0.000114036)	(74, 0.0)	(75, 3.80299e-05)	(76, 0.000627643)	(77, 0.000703887)	(78, 0.0)	(79, 0.0)	(80, 0.0)	(81, 0.00660733)	(82, 0.0)	(83, 0.0)	(84, 0.000228653)	(85, 0.0)	(86, 0.0)	(87, 0.000438577)	(88, 0.000419609)	(89, 0.0)	(90, 0.00156476)	(91, 0.0)	(92, 0.0)	(93, 5.728889999999999e-05)	(94, 0.0)	(95, 0.0)	(96, 0.0)	(97, 0.000267617)	(98, 0.000248564)	(99, 0.0)	(100, 0.0)	(101, 0.0)	(102, 0.0)	(103, 0.0)	(104, 1.9149999999999998e-05)	(105, 0.0)	(106, 3.8321299999999995e-05)	(107, 9.58332e-05)	(108, 0.0)	(109, 0.0)	(110, 0.0)	(111, 0.0)	(112, 0.0)	(113, 0.0)	(114, 0.0)	(115, 0.0)	(116, 0.0)	(117, 0.0)	(118, 0.07111329999999999)	(119, 0.0)	(120, 0.00065447)	(121, 0.000866527)	(122, 0.0)	(123, 0.0)	(124, 0.0)	(125, 0.000134993)	(126, 0.0)	(127, 0.000405317)	(128, 7.723780000000001e-05)	(129, 0.00013522800000000001)	(130, 0.0)	(131, 1.93364e-05)	(132, 0.00036756699999999996)	(133, 0.0)	(134, 0.000116193)	(135, 0.0)	(136, 0.0)	(137, 0.0)	(138, 0.0)	(139, 0.0)	(140, 0.0)	(141, 0.0)	(142, 0.0)	(143, 0.0)	(144, 0.0010918899999999999)	(145, 0.0)	(146, 0.0)	(147, 0.0)	(148, 0.0)	(149, 0.00021503899999999999)	(150, 0.0)
SRR39146899	(1, 0.0)	(2, 0.227361)	(3, 0.0)	(4, 0.012472)	(5, 0.0)	(6, 0.0009399820000000001)	(7, 0.0)	(8, 0.0)	(9, 0.0)	(10, 0.000160485)	(11, 0.0)	(12, 0.00204045)	(13, 0.0)	(14, 0.0)	(15, 0.0)	(16, 0.0040809)	(17, 0.000183411)	(18, 0.0)	(19, 0.0032326200000000003)	(20, 0.000550233)	(21, 0.0)	(22, 0.000756571)	(23, 0.0)	(24, 0.0)	(25, 0.0)	(26, 0.0)	(27, 0.0)	(28, 0.0)	(29, 6.87792e-05)	(30, 0.0)	(31, 0.00082535)	(32, 0.0)	(33, 0.0)	(34, 0.00394334)	(35, 2.29264e-05)	(36, 0.011898800000000001)	(37, 0.0)	(38, 0.0)	(39, 0.0)	(40, 0.0)	(41, 4.59161e-05)	(42, 0.000482242)	(43, 0.0)	(44, 0.0)	(45, 0.0)	(46, 0.000206892)	(47, 0.0)	(48, 9.19968e-05)	(49, 0.0)	(50, 0.0)	(51, 0.0)	(52, 0.00241721)	(53, 0.0)	(54, 2.30315e-05)	(55, 0.0)	(56, 0.0)	(57, 0.0)	(58, 0.0)	(59, 0.0)	(60, 0.0)	(61, 0.0)	(62, 0.0)	(63, 0.000184627)	(64, 0.0)	(65, 0.0)	(66, 0.0)	(67, 0.0)	(68, 0.0)	(69, 0.0)	(70, 0.00048538199999999997)	(71, 0.000947877)	(72, 0.000462487)	(73, 0.000138778)	(74, 0.0)	(75, 0.0)	(76, 0.000763815)	(77, 0.000648225)	(78, 0.0)	(79, 0.0)	(80, 0.0)	(81, 0.00667357)	(82, 0.0)	(83, 0.0)	(84, 0.000278256)	(85, 0.0)	(86, 0.0)	(87, 0.00032487)	(88, 0.000487431)	(89, 0.0)	(90, 0.0018577399999999999)	(91, 0.0)	(92, 0.0)	(93, 6.97155e-05)	(94, 0.0)	(95, 0.0)	(96, 0.0)	(97, 0.000186093)	(98, 0.0005351500000000001)	(99, 2.32734e-05)	(100, 0.0)	(101, 0.0)	(102, 0.0)	(103, 0.0)	(104, 0.0)	(105, 0.0)	(106, 4.66349e-05)	(107, 0.0)	(108, 0.0)	(109, 0.0)	(110, 0.0)	(111, 0.0)	(112, 0.0)	(113, 0.0)	(114, 0.0)	(115, 0.0)	(116, 0.0)	(117, 0.0)	(118, 0.0690095)	(119, 0.0)	(120, 0.0007964660000000001)	(121, 0.0007733179999999999)	(122, 0.0)	(123, 0.0)	(124, 2.34603e-05)	(125, 0.000140819)	(126, 0.0)	(127, 0.00046979499999999996)	(128, 0.0)	(129, 0.00018809300000000002)	(130, 0.0)	(131, 0.0)	(132, 0.00042383300000000003)	(133, 0.0)	(134, 0.000212141)	(135, 7.07538e-05)	(136, 0.0)	(137, 0.0)	(138, 0.0)	(139, 0.0)	(140, 0.0)	(141, 0.0)	(142, 0.0)	(143, 0.0)	(144, 0.00137687)	(145, 0.0)	(146, 0.0)	(147, 0.0)	(148, 0.0)	(149, 0.000166622)	(150, 0.0)
SRR39146900	(1, 0.0)	(2, 0.22993000000000002)	(3, 0.0)	(4, 0.0125129)	(5, 0.0)	(6, 0.0006431869999999999)	(7, 0.0)	(8, 0.0)	(9, 0.0)	(10, 0.000136434)	(11, 0.0)	(12, 0.0020659899999999998)	(13, 0.0)	(14, 0.0)	(15, 0.0)	(16, 0.0052039700000000005)	(17, 5.84716e-05)	(18, 0.0)	(19, 0.00315746)	(20, 0.000584716)	(21, 0.0)	(22, 0.000604206)	(23, 0.0)	(24, 0.0)	(25, 0.0)	(26, 0.0)	(27, 0.0)	(28, 0.0)	(29, 5.84716e-05)	(30, 1.9490500000000003e-05)	(31, 0.000604206)	(32, 5.84716e-05)	(33, 0.0)	(34, 0.00508703)	(35, 0.0)	(36, 0.0120062)	(37, 1.94963e-05)	(38, 0.0)	(39, 0.0)	(40, 0.0)	(41, 0.00025372000000000003)	(42, 0.00029283)	(43, 1.9527400000000002e-05)	(44, 0.0)	(45, 0.0)	(46, 0.00011725599999999999)	(47, 0.0)	(48, 5.8657300000000005e-05)	(49, 0.0)	(50, 0.0)	(51, 0.0)	(52, 0.0032879700000000003)	(53, 0.0)	(54, 0.0)	(55, 0.0)	(56, 1.95885e-05)	(57, 0.0)	(58, 0.0)	(59, 0.0)	(60, 0.0)	(61, 0.0)	(62, 0.0)	(63, 3.9237600000000005e-05)	(64, 0.0)	(65, 0.0)	(66, 1.96315e-05)	(67, 0.0)	(68, 0.0)	(69, 0.0)	(70, 0.000334031)	(71, 0.00106128)	(72, 0.00043246699999999996)	(73, 5.898539999999999e-05)	(74, 0.0)	(75, 1.9671e-05)	(76, 0.000924745)	(77, 0.0006297529999999999)	(78, 0.0)	(79, 0.0)	(80, 0.0)	(81, 0.00673652)	(82, 0.0)	(83, 0.0)	(84, 0.000157684)	(85, 0.0)	(86, 0.0)	(87, 0.0006903710000000001)	(88, 0.0005918830000000001)	(89, 0.0)	(90, 0.00195415)	(91, 0.0)	(92, 0.0)	(93, 7.90113e-05)	(94, 0.0)	(95, 0.0)	(96, 0.0)	(97, 0.000375667)	(98, 0.000355985)	(99, 0.0)	(100, 0.0)	(101, 0.0)	(102, 0.0)	(103, 0.0)	(104, 0.0)	(105, 0.0)	(106, 3.96385e-05)	(107, 0.00011895100000000001)	(108, 0.0)	(109, 0.0)	(110, 0.0)	(111, 0.0)	(112, 0.0)	(113, 0.0)	(114, 0.0)	(115, 0.0)	(116, 0.0)	(117, 0.0)	(118, 0.0725015)	(119, 0.0)	(120, 0.0009357689999999999)	(121, 0.0007369259999999999)	(122, 0.0)	(123, 0.0)	(124, 0.0)	(125, 0.000139629)	(126, 0.0)	(127, 0.00035934300000000003)	(128, 0.0)	(129, 0.000139871)	(130, 0.0)	(131, 0.0)	(132, 0.000500243)	(133, 0.0)	(134, 0.000140214)	(135, 2.00416e-05)	(136, 0.0)	(137, 0.0)	(138, 0.0)	(139, 0.0)	(140, 0.0)	(141, 0.0)	(142, 0.0)	(143, 0.0)	(144, 0.0011697)	(145, 0.0)	(146, 0.0)	(147, 0.0)	(148, 0.0)	(149, 0.00016179199999999999)	(150, 0.0)
