Sample	0	1	2	3	4	5	6	7	8	9	10	11	12	13	14	15	16	17	18	19	20	21	22	23	24	25	26	27	28	29	30	31	32	33	34	35	36	37	38	39	40	41	42	43	44	45	46	47	48	49	50	51	52	53	54	55	56	57	58	59	60	61	62	63	64	65	66	67	68	69	70	71	72	73	74	75	76	77	78	79	80	81	82	83	84	85	86	87	88	89	90	91	92	93	94	95	96	97	98	99	100	101	102	103	104	105	106	107	108	109	110	111	112	113	114	115	116	117	118	119	120	121	122	123	124	125	126	127	128	129	130	131	132	133	134	135	136	137	138	139	140	141	142	143	144	145	146	147	148	149
SRR39139285	(1, 0.0177733)	(2, 0.14273)	(3, 0.0114244)	(4, 0.0158068)	(5, 0.00237851)	(6, 0.0053938)	(7, 0.010225699999999999)	(8, 0.004869399999999999)	(9, 0.00736028)	(10, 0.0017791999999999999)	(11, 0.00277181)	(12, 0.00824052)	(13, 0.0116116)	(14, 0.028092699999999998)	(15, 0.00610548)	(16, 0.00224741)	(17, 0.00462593)	(18, 0.0103943)	(19, 0.00662987)	(20, 0.00192903)	(21, 0.00870873)	(22, 0.008109419999999999)	(23, 0.00264071)	(24, 0.00117989)	(25, 0.0048506700000000005)	(26, 0.00492558)	(27, 0.0106752)	(28, 0.00554362)	(29, 0.00348349)	(30, 0.0014795499999999998)	(31, 0.00498177)	(32, 0.0051690500000000006)	(33, 0.0019477600000000002)	(34, 0.00352095)	(35, 0.00232233)	(36, 0.012079900000000001)	(37, 0.00852145)	(38, 0.06558710000000001)	(39, 0.0036707800000000002)	(40, 0.000692953)	(41, 0.0019477600000000002)	(42, 0.00565599)	(43, 0.00237851)	(44, 0.015937899999999998)	(45, 0.023878800000000002)	(46, 0.00406408)	(47, 0.0035584099999999997)	(48, 0.0031838400000000003)	(49, 0.0036145900000000004)	(50, 0.023279499999999998)	(51, 0.0206575)	(52, 0.0008615089999999999)	(53, 0.00219123)	(54, 0.0032774799999999997)	(55, 0.0161627)	(56, 0.015937899999999998)	(57, 0.0028280000000000002)	(58, 0.00606802)	(59, 0.00275308)	(60, 0.00848399)	(61, 0.0017979299999999999)	(62, 0.00711681)	(63, 0.0115929)	(64, 0.0030902000000000004)	(65, 0.00754757)	(66, 0.006835889999999999)	(67, 0.00322129)	(68, 0.00288418)	(69, 0.0012548099999999999)	(70, 0.00972007)	(71, 0.0311454)	(72, 0.0063676800000000006)	(73, 0.0031463800000000003)	(74, 0.00224741)	(75, 0.00612421)	(76, 0.00561854)	(77, 0.00771612)	(78, 0.00812815)	(79, 0.00805324)	(80, 0.000692953)	(81, 0.007285369999999999)	(82, 0.008540180000000001)	(83, 0.00290291)	(84, 0.0042139)	(85, 0.00352095)	(86, 0.0063863999999999995)	(87, 0.00142336)	(88, 0.0021537699999999997)	(89, 0.00837162)	(90, 0.0033336700000000004)	(91, 0.0020414)	(92, 0.0040828)	(93, 0.00149828)	(94, 0.00449483)	(95, 0.00224741)	(96, 0.00374569)	(97, 0.00162938)	(98, 0.0034273100000000003)	(99, 0.0012548099999999999)	(100, 0.00552489)	(101, 0.00134845)	(102, 0.0019477600000000002)	(103, 0.00353968)	(104, 0.0029590999999999997)	(105, 0.0033149399999999997)	(106, 0.0021725)	(107, 0.00462593)	(108, 0.00604929)	(109, 0.00456974)	(110, 0.006966989999999999)	(111, 0.00297782)	(112, 0.00397043)	(113, 0.0031089200000000003)	(114, 0.005075410000000001)	(115, 0.00584328)	(116, 0.00589946)	(117, 0.00990735)	(118, 0.0100197)	(119, 0.00552489)	(120, 0.004345)	(121, 0.0028654500000000003)	(122, 0.00801578)	(123, 0.00284673)	(124, 0.00228487)	(125, 0.0050192299999999995)	(126, 0.0019103)	(127, 0.0027905399999999998)	(128, 0.00412026)	(129, 0.00252834)	(130, 0.00132972)	(131, 0.00844653)	(132, 0.00533761)	(133, 0.00942041)	(134, 0.00530015)	(135, 0.00211632)	(136, 0.0033711199999999996)	(137, 0.0068546200000000005)	(138, 0.00166683)	(139, 0.00260326)	(140, 0.0019852199999999998)	(141, 0.00715427)	(142, 0.00413899)	(143, 0.0212943)	(144, 0.0036333199999999998)	(145, 0.00576836)	(146, 0.00634895)	(147, 0.0078285)	(148, 0.00711681)	(149, 0.005674719999999999)	(150, 0.0078285)
SRR39146138	(1, 0.0179591)	(2, 0.143349)	(3, 0.012164099999999999)	(4, 0.014352899999999998)	(5, 0.00199146)	(6, 0.00525675)	(7, 0.00997526)	(8, 0.00489792)	(9, 0.00796585)	(10, 0.00193764)	(11, 0.0028705799999999997)	(12, 0.00692527)	(13, 0.01098)	(14, 0.027719)	(15, 0.005992330000000001)	(16, 0.00190176)	(17, 0.0045391)	(18, 0.0104597)	(19, 0.00685351)	(20, 0.00182999)	(21, 0.00839644)	(22, 0.00760703)	(23, 0.00211705)	(24, 0.00096882)	(25, 0.00595645)	(26, 0.00459293)	(27, 0.0106929)	(28, 0.005310570000000001)	(29, 0.0036241)	(30, 0.00156088)	(31, 0.0042879300000000006)	(32, 0.00568733)	(33, 0.00195558)	(34, 0.00270911)	(35, 0.00227852)	(36, 0.0114105)	(37, 0.00855791)	(38, 0.0620583)	(39, 0.00412646)	(40, 0.000699703)	(41, 0.0016685200000000002)	(42, 0.00500557)	(43, 0.00242205)	(44, 0.015196099999999999)	(45, 0.0218343)	(46, 0.00418028)	(47, 0.0037676299999999997)	(48, 0.0030679300000000004)	(49, 0.0042341)	(50, 0.0227314)	(51, 0.0188741)	(52, 0.000735586)	(53, 0.00240411)	(54, 0.0033908700000000003)	(55, 0.016021399999999998)	(56, 0.0142094)	(57, 0.00297822)	(58, 0.006835560000000001)	(59, 0.00220676)	(60, 0.007983800000000001)	(61, 0.00197352)	(62, 0.00733792)	(63, 0.0106391)	(64, 0.0026194)	(65, 0.0080735)	(66, 0.00687145)	(67, 0.0029244)	(68, 0.0026552800000000003)	(69, 0.00145323)	(70, 0.00974202)	(71, 0.0285084)	(72, 0.005651450000000001)	(73, 0.0029961700000000003)	(74, 0.0023144)	(75, 0.006351150000000001)	(76, 0.005651450000000001)	(77, 0.00812732)	(78, 0.008880850000000001)	(79, 0.00764291)	(80, 0.00104058)	(81, 0.00672792)	(82, 0.00889879)	(83, 0.00256558)	(84, 0.0044852799999999995)	(85, 0.0031576399999999998)	(86, 0.00547204)	(87, 0.00111235)	(88, 0.00206323)	(89, 0.00816321)	(90, 0.00304999)	(91, 0.00211705)	(92, 0.00443146)	(93, 0.00152499)	(94, 0.00391116)	(95, 0.00217087)	(96, 0.0037317500000000003)	(97, 0.0016685200000000002)	(98, 0.0032294)	(99, 0.00113029)	(100, 0.005310570000000001)	(101, 0.00145323)	(102, 0.00209911)	(103, 0.00326528)	(104, 0.00279881)	(105, 0.0034805799999999996)	(106, 0.00227852)	(107, 0.00525675)	(108, 0.005705269999999999)	(109, 0.00468263)	(110, 0.00764291)	(111, 0.00294234)	(112, 0.00378557)	(113, 0.0030679300000000004)	(114, 0.00543616)	(115, 0.00563351)	(116, 0.00609998)	(117, 0.0105135)	(118, 0.009867609999999999)	(119, 0.00547204)	(120, 0.00416234)	(121, 0.00288852)	(122, 0.007912029999999999)	(123, 0.00267323)	(124, 0.00251176)	(125, 0.00522086)	(126, 0.00193764)	(127, 0.00267323)	(128, 0.00387528)	(129, 0.00242205)	(130, 0.00123794)	(131, 0.00857585)	(132, 0.00556175)	(133, 0.00936526)	(134, 0.005310570000000001)	(135, 0.0019196999999999999)	(136, 0.00326528)	(137, 0.00647674)	(138, 0.0015788199999999999)	(139, 0.00233234)	(140, 0.00165058)	(141, 0.00692527)	(142, 0.00430587)	(143, 0.0206143)	(144, 0.0033908700000000003)	(145, 0.00604616)	(146, 0.00617174)	(147, 0.00785821)	(148, 0.006799680000000001)	(149, 0.00577704)	(150, 0.0083785)
SRR39146893	(1, 0.0144953)	(2, 0.142877)	(3, 0.011843000000000001)	(4, 0.0146804)	(5, 0.00205608)	(6, 0.00493458)	(7, 0.00904674)	(8, 0.0044)	(9, 0.00657945)	(10, 0.0017476700000000002)	(11, 0.0030018700000000002)	(12, 0.00785421)	(13, 0.0104449)	(14, 0.024343899999999998)	(15, 0.00620935)	(16, 0.00193271)	(17, 0.0044205600000000005)	(18, 0.010671)	(19, 0.00641496)	(20, 0.00180935)	(21, 0.007319630000000001)	(22, 0.007895329999999999)	(23, 0.00232337)	(24, 0.00080187)	(25, 0.00509907)	(26, 0.004153270000000001)	(27, 0.0107944)	(28, 0.00567477)	(29, 0.00312524)	(30, 0.00160374)	(31, 0.00485234)	(32, 0.00425608)	(33, 0.0016654200000000001)	(34, 0.00234393)	(35, 0.00222056)	(36, 0.009005619999999999)	(37, 0.006723370000000001)	(38, 0.0650748)	(39, 0.0032280399999999997)	(40, 0.000760748)	(41, 0.00156262)	(42, 0.00483178)	(43, 0.00254953)	(44, 0.013919599999999999)	(45, 0.0218561)	(46, 0.00365982)	(47, 0.0038448600000000003)	(48, 0.00302243)	(49, 0.00390655)	(50, 0.018607500000000003)	(51, 0.0188748)	(52, 0.0006373840000000001)	(53, 0.0022)	(54, 0.0037420599999999997)	(55, 0.013200000000000002)	(56, 0.0147009)	(57, 0.00246729)	(58, 0.006805609999999999)	(59, 0.0027345800000000003)	(60, 0.0076486)	(61, 0.00170654)	(62, 0.00575701)	(63, 0.0105888)	(64, 0.00248785)	(65, 0.00629159)	(66, 0.006785050000000001)	(67, 0.00291963)	(68, 0.00291963)	(69, 0.00158318)	(70, 0.007751409999999999)	(71, 0.028929)	(72, 0.0051607499999999995)	(73, 0.0029607500000000003)	(74, 0.00259066)	(75, 0.00474954)	(76, 0.00503739)	(77, 0.00781309)	(78, 0.00805982)	(79, 0.007093459999999999)	(80, 0.000699066)	(81, 0.0064560799999999995)	(82, 0.00818318)	(83, 0.0024056100000000003)	(84, 0.0035364500000000004)	(85, 0.00363926)	(86, 0.005736450000000001)	(87, 0.00108972)	(88, 0.0020972)	(89, 0.008841129999999999)	(90, 0.0035364500000000004)	(91, 0.0021177599999999998)	(92, 0.0038037400000000003)	(93, 0.0015214999999999998)	(94, 0.00368038)	(95, 0.00213832)	(96, 0.00388598)	(97, 0.00133645)	(98, 0.00281682)	(99, 0.00111028)	(100, 0.00542804)	(101, 0.00154206)	(102, 0.0016243)	(103, 0.00365982)	(104, 0.00246729)	(105, 0.00365982)	(106, 0.00232337)	(107, 0.0049757099999999995)	(108, 0.00561309)	(109, 0.00454393)	(110, 0.006785050000000001)	(111, 0.00269346)	(112, 0.00386542)	(113, 0.00318692)	(114, 0.00454393)	(115, 0.00542804)	(116, 0.00625047)	(117, 0.0100748)	(118, 0.00993085)	(119, 0.00585982)	(120, 0.00446169)	(121, 0.00302243)	(122, 0.00703178)	(123, 0.0026729)	(124, 0.00224112)	(125, 0.00359813)	(126, 0.00205608)	(127, 0.00283739)	(128, 0.00341309)	(129, 0.00287851)	(130, 0.0013775699999999998)	(131, 0.00723739)	(132, 0.00511963)	(133, 0.008676640000000001)	(134, 0.00563365)	(135, 0.00178879)	(136, 0.00289907)	(137, 0.0064972)	(138, 0.00178879)	(139, 0.00242617)	(140, 0.00201496)	(141, 0.00657945)	(142, 0.00343365)	(143, 0.0207253)	(144, 0.0037215)	(145, 0.0048729)	(146, 0.00651776)	(147, 0.007072900000000001)	(148, 0.00622991)	(149, 0.00618879)	(150, 0.00662057)
SRR39146894	(1, 0.017248)	(2, 0.146988)	(3, 0.0115785)	(4, 0.014832499999999998)	(5, 0.0018366)	(6, 0.00608871)	(7, 0.00828464)	(8, 0.005390010000000001)	(9, 0.00642808)	(10, 0.0018964799999999999)	(11, 0.00299445)	(12, 0.00738631)	(13, 0.010740099999999999)	(14, 0.0265308)	(15, 0.0065279)	(16, 0.00213604)	(17, 0.00431201)	(18, 0.0105804)	(19, 0.0060687499999999995)	(20, 0.0020162599999999998)	(21, 0.00734638)	(22, 0.00792531)	(23, 0.00223586)	(24, 0.000978187)	(25, 0.00564953)	(26, 0.00443178)	(27, 0.0101212)	(28, 0.00552975)	(29, 0.0035534100000000003)	(30, 0.00173678)	(31, 0.00479112)	(32, 0.00503067)	(33, 0.0018166299999999999)	(34, 0.00289463)	(35, 0.00247541)	(36, 0.0109996)	(37, 0.008364489999999999)	(38, 0.0650794)	(39, 0.00375304)	(40, 0.000838446)	(41, 0.00165693)	(42, 0.00465138)	(43, 0.00219593)	(44, 0.014014)	(45, 0.0233767)	(46, 0.00431201)	(47, 0.00357338)	(48, 0.00313419)	(49, 0.00447171)	(50, 0.0224783)	(51, 0.0197833)	(52, 0.000718668)	(53, 0.00257523)	(54, 0.00341367)	(55, 0.015491300000000001)	(56, 0.0159504)	(57, 0.0030144100000000004)	(58, 0.006627709999999999)	(59, 0.0024953700000000002)	(60, 0.00770572)	(61, 0.0015970399999999999)	(62, 0.0069072000000000005)	(63, 0.0121175)	(64, 0.00241552)	(65, 0.00742623)	(66, 0.00692716)	(67, 0.0030543400000000004)	(68, 0.00295452)	(69, 0.00131756)	(70, 0.009442500000000001)	(71, 0.0311622)	(72, 0.0057693)	(73, 0.00287467)	(74, 0.00247541)	(75, 0.00535008)	(76, 0.00521034)	(77, 0.007585939999999999)	(78, 0.008364489999999999)	(79, 0.0066476799999999996)	(80, 0.0008584090000000001)	(81, 0.00686727)	(82, 0.008124939999999999)	(83, 0.0023756000000000003)	(84, 0.0044916700000000006)	(85, 0.0030543400000000004)	(86, 0.00666764)	(87, 0.00123771)	(88, 0.00265508)	(89, 0.0077656)	(90, 0.00299445)	(91, 0.00219593)	(92, 0.00391275)	(93, 0.00133752)	(94, 0.0036931499999999996)	(95, 0.00277486)	(96, 0.00321404)	(97, 0.0015171899999999999)	(98, 0.00343363)	(99, 0.00125767)	(100, 0.0059489700000000005)	(101, 0.00163697)	(102, 0.001617)	(103, 0.0030343699999999998)	(104, 0.00287467)	(105, 0.00281478)	(106, 0.0026151499999999997)	(107, 0.00457153)	(108, 0.004691300000000001)	(109, 0.00481108)	(110, 0.0069072000000000005)	(111, 0.00255526)	(112, 0.00395267)	(113, 0.0030144100000000004)	(114, 0.00495082)	(115, 0.00501071)	(116, 0.00578927)	(117, 0.00996153)	(118, 0.0100015)	(119, 0.0049109)	(120, 0.00459149)	(121, 0.0029146)	(122, 0.006727530000000001)	(123, 0.00283474)	(124, 0.00241552)	(125, 0.00417227)	(126, 0.00217597)	(127, 0.00293456)	(128, 0.0036133000000000003)	(129, 0.0024953700000000002)	(130, 0.0011378900000000001)	(131, 0.00716671)	(132, 0.0059889)	(133, 0.00824472)	(134, 0.00483104)	(135, 0.00197634)	(136, 0.00341367)	(137, 0.0061486)	(138, 0.0017966699999999998)	(139, 0.00231571)	(140, 0.001617)	(141, 0.0060088599999999995)	(142, 0.00385286)	(143, 0.019264299999999998)	(144, 0.0030942599999999997)	(145, 0.00535008)	(146, 0.00556967)	(147, 0.00786542)	(148, 0.00586912)	(149, 0.0060687499999999995)	(150, 0.00738631)
SRR39146895	(1, 0.0162582)	(2, 0.143998)	(3, 0.0123449)	(4, 0.0149159)	(5, 0.00217406)	(6, 0.0058037900000000005)	(7, 0.0102842)	(8, 0.0051610200000000005)	(9, 0.00829922)	(10, 0.00192829)	(11, 0.00317601)	(12, 0.007599750000000001)	(13, 0.0111728)	(14, 0.027638899999999997)	(15, 0.00620079)	(16, 0.0020417200000000003)	(17, 0.00525555)	(18, 0.0102653)	(19, 0.00652217)	(20, 0.00226858)	(21, 0.008696230000000001)	(22, 0.008034560000000001)	(23, 0.00262777)	(24, 0.0010775799999999999)	(25, 0.00631422)	(26, 0.00461278)	(27, 0.010719)	(28, 0.0050853999999999995)	(29, 0.00419687)	(30, 0.0019661)	(31, 0.00442373)	(32, 0.0058037900000000005)	(33, 0.00189048)	(34, 0.0033083500000000003)	(35, 0.00251434)	(36, 0.0112862)	(37, 0.00843156)	(38, 0.0636337)	(39, 0.0040456400000000005)	(40, 0.0010019599999999999)	(41, 0.0015691)	(42, 0.0058605)	(43, 0.00255215)	(44, 0.0157477)	(45, 0.021854000000000002)	(46, 0.00480183)	(47, 0.00376206)	(48, 0.00317601)	(49, 0.00427249)	(50, 0.0220998)	(51, 0.0201715)	(52, 0.000964147)	(53, 0.0027412)	(54, 0.0035352000000000005)	(55, 0.0162771)	(56, 0.015501999999999998)	(57, 0.00251434)	(58, 0.007543029999999999)	(59, 0.00293025)	(60, 0.00867732)	(61, 0.00207953)	(62, 0.00708931)	(63, 0.0112106)	(64, 0.00289244)	(65, 0.00778879)	(66, 0.00778879)	(67, 0.00342178)	(68, 0.0026844900000000003)	(69, 0.00149348)	(70, 0.00950913)	(71, 0.0301532)	(72, 0.00631422)	(73, 0.00294915)	(74, 0.00276011)	(75, 0.006484360000000001)	(76, 0.00567145)	(77, 0.008223600000000001)	(78, 0.00828032)	(79, 0.00758084)	(80, 0.0010019599999999999)	(81, 0.00680574)	(82, 0.00812908)	(83, 0.00287354)	(84, 0.0047073)	(85, 0.00347849)	(86, 0.0065410699999999995)	(87, 0.0013800499999999999)	(88, 0.00253325)	(89, 0.008355940000000001)	(90, 0.0035352000000000005)	(91, 0.00238201)	(92, 0.00455607)	(93, 0.00134224)	(94, 0.00415906)	(95, 0.00270339)	(96, 0.00436702)	(97, 0.00147458)	(98, 0.0031949200000000004)	(99, 0.00151239)	(100, 0.00527445)	(101, 0.0020417200000000003)	(102, 0.0017770499999999999)	(103, 0.0035541099999999996)	(104, 0.0032327299999999996)	(105, 0.00359192)	(106, 0.00283573)	(107, 0.00595502)	(108, 0.00574707)	(109, 0.0044426399999999994)	(110, 0.00799675)	(111, 0.00317601)	(112, 0.00374316)	(113, 0.0035352000000000005)	(114, 0.00519883)	(115, 0.0062385999999999995)	(116, 0.006219689999999999)	(117, 0.011721)	(118, 0.0101519)	(119, 0.00595502)	(120, 0.0044426399999999994)	(121, 0.00359192)	(122, 0.007750979999999999)	(123, 0.00296806)	(124, 0.00257106)	(125, 0.00487745)	(126, 0.0020417200000000003)	(127, 0.0035541099999999996)	(128, 0.00393221)	(129, 0.00298696)	(130, 0.00139896)	(131, 0.00845046)	(132, 0.0054635000000000005)	(133, 0.00969818)	(134, 0.00569036)	(135, 0.00245763)	(136, 0.00378097)	(137, 0.00727836)	(138, 0.0020417200000000003)	(139, 0.00304368)	(140, 0.00219296)	(141, 0.0070515)	(142, 0.0035352000000000005)	(143, 0.0197934)	(144, 0.0036297300000000003)	(145, 0.00686246)	(146, 0.00659779)	(147, 0.00739179)	(148, 0.00637093)	(149, 0.006503259999999999)	(150, 0.008544989999999999)
SRR39146896	(1, 0.0168622)	(2, 0.14208)	(3, 0.0102601)	(4, 0.0141857)	(5, 0.00207432)	(6, 0.0049516099999999995)	(7, 0.008854899999999999)	(8, 0.004304779999999999)	(9, 0.0068698)	(10, 0.0016951499999999999)	(11, 0.00223045)	(12, 0.00673597)	(13, 0.0102155)	(14, 0.0253157)	(15, 0.00515235)	(16, 0.0016951499999999999)	(17, 0.00450552)	(18, 0.00945713)	(19, 0.00666906)	(20, 0.0016951499999999999)	(21, 0.007895810000000001)	(22, 0.0066244500000000005)	(23, 0.00276576)	(24, 0.00102601)	(25, 0.004929299999999999)	(26, 0.00372486)	(27, 0.00936791)	(28, 0.00470626)	(29, 0.00285498)	(30, 0.00138288)	(31, 0.00412634)	(32, 0.00521926)	(33, 0.00158362)	(34, 0.00265424)	(35, 0.00209663)	(36, 0.0111523)	(37, 0.008029640000000001)	(38, 0.0633449)	(39, 0.0037471600000000002)	(40, 0.000780659)	(41, 0.00171745)	(42, 0.00515235)	(43, 0.00202971)	(44, 0.0151448)	(45, 0.0226614)	(46, 0.0036579499999999997)	(47, 0.00381408)	(48, 0.00310033)	(49, 0.0037471600000000002)	(50, 0.0212785)	(51, 0.0197618)	(52, 0.0008475729999999999)	(53, 0.0022750599999999998)	(54, 0.00301111)	(55, 0.015011000000000002)	(56, 0.0144757)	(57, 0.0024535)	(58, 0.00599992)	(59, 0.00218585)	(60, 0.0078289)	(61, 0.00214124)	(62, 0.00669136)	(63, 0.0107285)	(64, 0.00276576)	(65, 0.00669136)	(66, 0.0068698)	(67, 0.00240889)	(68, 0.0025204100000000003)	(69, 0.00120445)	(70, 0.00968017)	(71, 0.028750599999999998)	(72, 0.00617836)	(73, 0.0026765499999999998)	(74, 0.00189589)	(75, 0.00573227)	(76, 0.005576139999999999)	(77, 0.007985029999999999)	(78, 0.00845342)	(79, 0.00709285)	(80, 0.00073605)	(81, 0.00682519)	(82, 0.00838651)	(83, 0.00238659)	(84, 0.00361334)	(85, 0.0030780300000000003)	(86, 0.0058661)	(87, 0.00118214)	(88, 0.00202971)	(89, 0.00838651)	(90, 0.0029665)	(91, 0.00207432)	(92, 0.00399251)	(93, 0.00122675)	(94, 0.0036579499999999997)	(95, 0.0019851)	(96, 0.0036356400000000003)	(97, 0.00118214)	(98, 0.00281037)	(99, 0.0009814)	(100, 0.004907)	(101, 0.00129366)	(102, 0.00171745)	(103, 0.0027880699999999997)	(104, 0.0025873299999999997)	(105, 0.0029665)	(106, 0.0023196700000000002)	(107, 0.00486239)	(108, 0.00555383)	(109, 0.00452782)	(110, 0.0060668399999999996)	(111, 0.0027880699999999997)	(112, 0.0032341600000000002)	(113, 0.00283268)	(114, 0.00510774)	(115, 0.0053977)	(116, 0.00566535)	(117, 0.00985861)	(118, 0.00901104)	(119, 0.00599992)	(120, 0.00397021)	(121, 0.00301111)	(122, 0.00729359)	(123, 0.00238659)	(124, 0.00225276)	(125, 0.00450552)	(126, 0.0016951499999999999)	(127, 0.0027880699999999997)	(128, 0.0035910300000000003)	(129, 0.0024312)	(130, 0.00124905)	(131, 0.00820807)	(132, 0.00544231)	(133, 0.00894412)	(134, 0.00548692)	(135, 0.0016951499999999999)	(136, 0.0031449399999999997)	(137, 0.0064014)	(138, 0.00167284)	(139, 0.0024535)	(140, 0.00178436)	(141, 0.0064014)	(142, 0.00410404)	(143, 0.0210109)	(144, 0.00321185)	(145, 0.00568766)	(146, 0.00653523)	(147, 0.00744972)	(148, 0.006490620000000001)	(149, 0.00566535)	(150, 0.00724898)
SRR39146897	(1, 0.019086099999999998)	(2, 0.144735)	(3, 0.011652000000000001)	(4, 0.014926100000000001)	(5, 0.00200298)	(6, 0.00597043)	(7, 0.009783799999999999)	(8, 0.00537339)	(9, 0.00770378)	(10, 0.00219558)	(11, 0.0024652100000000002)	(12, 0.00708748)	(13, 0.0105927)	(14, 0.0283692)	(15, 0.00585488)	(16, 0.00192595)	(17, 0.00506524)	(18, 0.0103616)	(19, 0.00666377)	(20, 0.00182965)	(21, 0.00818527)	(22, 0.00780008)	(23, 0.00236891)	(24, 0.00117483)	(25, 0.00558524)	(26, 0.00479561)	(27, 0.0106505)	(28, 0.0052385700000000006)	(29, 0.00354374)	(30, 0.0017333499999999998)	(31, 0.00466079)	(32, 0.00575858)	(33, 0.0018681700000000002)	(34, 0.0025615100000000003)	(35, 0.00265781)	(36, 0.012229799999999999)	(37, 0.00870528)	(38, 0.06702290000000001)	(39, 0.00444893)	(40, 0.000885935)	(41, 0.00190669)	(42, 0.005123020000000001)	(43, 0.00252299)	(44, 0.0157542)	(45, 0.0227069)	(46, 0.00481486)	(47, 0.0036785600000000004)	(48, 0.0033896599999999996)	(49, 0.0036978199999999997)	(50, 0.0246136)	(51, 0.019644599999999998)	(52, 0.000943713)	(53, 0.0024652100000000002)	(54, 0.0033896599999999996)	(55, 0.016852)	(56, 0.015272800000000001)	(57, 0.00263855)	(58, 0.00674081)	(59, 0.00258077)	(60, 0.007299330000000001)	(61, 0.0018681700000000002)	(62, 0.00768452)	(63, 0.011286000000000001)	(64, 0.00250373)	(65, 0.0077423)	(66, 0.00672155)	(67, 0.00279262)	(68, 0.00300448)	(69, 0.0013096400000000002)	(70, 0.0106697)	(71, 0.030468500000000003)	(72, 0.00637488)	(73, 0.00267706)	(74, 0.00240743)	(75, 0.0064134000000000005)	(76, 0.00543117)	(77, 0.008127490000000001)	(78, 0.00939862)	(79, 0.0072223)	(80, 0.00113631)	(81, 0.007318589999999999)	(82, 0.009186759999999999)	(83, 0.00267706)	(84, 0.00404449)	(85, 0.0036593)	(86, 0.00616303)	(87, 0.00121335)	(88, 0.00292744)	(89, 0.008724530000000001)	(90, 0.00296596)	(91, 0.00215706)	(92, 0.004603009999999999)	(93, 0.00121335)	(94, 0.00404449)	(95, 0.00273484)	(96, 0.00383263)	(97, 0.00163705)	(98, 0.0034474400000000004)	(99, 0.00129038)	(100, 0.00600895)	(101, 0.00163705)	(102, 0.0022533600000000003)	(103, 0.00325485)	(104, 0.0030815100000000004)	(105, 0.0033704100000000003)	(106, 0.00258077)	(107, 0.00479561)	(108, 0.00531561)	(109, 0.0049111599999999995)	(110, 0.00689489)	(111, 0.00331263)	(112, 0.00396745)	(113, 0.00292744)	(114, 0.00500746)	(115, 0.00577784)	(116, 0.00679859)	(117, 0.0103231)	(118, 0.0100727)	(119, 0.00581636)	(120, 0.00448745)	(121, 0.00323559)	(122, 0.00789638)	(123, 0.00254225)	(124, 0.00248447)	(125, 0.00506524)	(126, 0.00208002)	(127, 0.00298522)	(128, 0.00394819)	(129, 0.0028504)	(130, 0.00100149)	(131, 0.00849342)	(132, 0.00581636)	(133, 0.00968751)	(134, 0.004891899999999999)	(135, 0.0021378)	(136, 0.0037748499999999997)	(137, 0.00606673)	(138, 0.00217632)	(139, 0.0022533600000000003)	(140, 0.00163705)	(141, 0.006605989999999999)	(142, 0.00446819)	(143, 0.0207424)	(144, 0.00323559)	(145, 0.006297840000000001)	(146, 0.0057970999999999995)	(147, 0.008589719999999999)	(148, 0.006625249999999999)	(149, 0.00624006)	(150, 0.008358599999999999)
SRR39146898	(1, 0.0172655)	(2, 0.142604)	(3, 0.0111825)	(4, 0.015243900000000001)	(5, 0.00233121)	(6, 0.00517237)	(7, 0.00965266)	(8, 0.00457136)	(9, 0.00723039)	(10, 0.00167556)	(11, 0.00329648)	(12, 0.00763107)	(13, 0.0102537)	(14, 0.026681399999999997)	(15, 0.00566411)	(16, 0.00182126)	(17, 0.00491739)	(18, 0.00950696)	(19, 0.00599194)	(20, 0.0021126599999999997)	(21, 0.007867830000000001)	(22, 0.007722130000000001)	(23, 0.00247691)	(24, 0.000928841)	(25, 0.00537271)	(26, 0.00473527)	(27, 0.0101262)	(28, 0.00502667)	(29, 0.0031689900000000004)	(30, 0.00165734)	(31, 0.004553140000000001)	(32, 0.00560947)	(33, 0.0017301900000000002)	(34, 0.0029504400000000004)	(35, 0.00196696)	(36, 0.0109275)	(37, 0.0076857)	(38, 0.0639625)	(39, 0.00375179)	(40, 0.000928841)	(41, 0.0011656)	(42, 0.00495382)	(43, 0.00251333)	(44, 0.0152803)	(45, 0.0229478)	(46, 0.00386107)	(47, 0.00327826)	(48, 0.00271367)	(49, 0.004006770000000001)	(50, 0.022692900000000002)	(51, 0.0203799)	(52, 0.000983479)	(53, 0.00222193)	(54, 0.00327826)	(55, 0.015626400000000002)	(56, 0.015444300000000001)	(57, 0.00225836)	(58, 0.00659295)	(59, 0.0026954600000000002)	(60, 0.00777677)	(61, 0.00200338)	(62, 0.00662938)	(63, 0.0117471)	(64, 0.0026590399999999997)	(65, 0.00699363)	(66, 0.00763107)	(67, 0.00331469)	(68, 0.00273189)	(69, 0.0014752200000000002)	(70, 0.00894237)	(71, 0.029977900000000002)	(72, 0.0059373)	(73, 0.00264082)	(74, 0.0026590399999999997)	(75, 0.0058098099999999995)	(76, 0.00551841)	(77, 0.007958890000000001)	(78, 0.00832314)	(79, 0.0073943)	(80, 0.000783141)	(81, 0.006829709999999999)	(82, 0.00810459)	(83, 0.00262261)	(84, 0.0037335800000000002)	(85, 0.00356966)	(86, 0.006083)	(87, 0.00109275)	(88, 0.00189411)	(89, 0.00783141)	(90, 0.0036243)	(91, 0.00209445)	(92, 0.00409783)	(93, 0.00131131)	(94, 0.00378821)	(95, 0.0025497600000000003)	(96, 0.00389749)	(97, 0.00136594)	(98, 0.0031507700000000002)	(99, 0.0012384499999999999)	(100, 0.00519058)	(101, 0.00171198)	(102, 0.00176662)	(103, 0.00336933)	(104, 0.0031507700000000002)	(105, 0.0032236300000000003)	(106, 0.00213087)	(107, 0.00508131)	(108, 0.00524522)	(109, 0.00497203)	(110, 0.00631976)	(111, 0.00291401)	(112, 0.00364251)	(113, 0.0036060899999999997)	(114, 0.0052088)	(115, 0.00588266)	(116, 0.00555483)	(117, 0.009998700000000001)	(118, 0.00987121)	(119, 0.00571875)	(120, 0.0042981700000000005)	(121, 0.0029504400000000004)	(122, 0.00777677)	(123, 0.00253155)	(124, 0.00244048)	(125, 0.00462599)	(126, 0.00213087)	(127, 0.00285937)	(128, 0.0034786)	(129, 0.00240406)	(130, 0.00131131)	(131, 0.00781319)	(132, 0.00551841)	(133, 0.009288409999999999)	(134, 0.0053545)	(135, 0.00209445)	(136, 0.0031507700000000002)	(137, 0.006829709999999999)	(138, 0.00154807)	(139, 0.0027501)	(140, 0.00167556)	(141, 0.0068115)	(142, 0.0037335800000000002)	(143, 0.0203434)	(144, 0.0036607299999999996)	(145, 0.00573696)	(146, 0.00606479)	(147, 0.0071029)	(148, 0.00633797)	(149, 0.00642904)	(150, 0.00746715)
SRR39146899	(1, 0.01654)	(2, 0.143951)	(3, 0.0105697)	(4, 0.013908700000000001)	(5, 0.0017468800000000001)	(6, 0.0055502)	(7, 0.009375640000000001)	(8, 0.00424557)	(9, 0.006987500000000001)	(10, 0.0016141999999999999)	(11, 0.00276404)	(12, 0.007297069999999999)	(13, 0.0110119)	(14, 0.0259599)	(15, 0.00603667)	(16, 0.0019016600000000001)	(17, 0.00453303)	(18, 0.0105697)	(19, 0.00614723)	(20, 0.00170265)	(21, 0.0073855200000000005)	(22, 0.008115230000000001)	(23, 0.0024102499999999996)	(24, 0.00106139)	(25, 0.00493105)	(26, 0.00466571)	(27, 0.00997267)	(28, 0.0060809)	(29, 0.00287461)	(30, 0.0013267399999999999)	(31, 0.00466571)	(32, 0.00466571)	(33, 0.00172476)	(34, 0.00263137)	(35, 0.00229968)	(36, 0.0100832)	(37, 0.007451859999999999)	(38, 0.0640595)	(39, 0.0039802200000000005)	(40, 0.00075182)	(41, 0.0019901100000000002)	(42, 0.00499739)	(43, 0.0024102499999999996)	(44, 0.0149479)	(45, 0.0218691)	(46, 0.00389177)	(47, 0.00316207)	(48, 0.0030515)	(49, 0.003936)	(50, 0.021559500000000002)	(51, 0.019746299999999998)	(52, 0.000906606)	(53, 0.00247658)	(54, 0.0035379800000000005)	(55, 0.0145499)	(56, 0.014726799999999998)	(57, 0.00294094)	(58, 0.00625779)	(59, 0.00247658)	(60, 0.0076951)	(61, 0.0017911)	(62, 0.006058780000000001)	(63, 0.0109014)	(64, 0.0024323599999999997)	(65, 0.00705384)	(66, 0.00661159)	(67, 0.00254292)	(68, 0.00300728)	(69, 0.00139308)	(70, 0.008712270000000001)	(71, 0.0300949)	(72, 0.005616540000000001)	(73, 0.00278616)	(74, 0.00216701)	(75, 0.00482049)	(76, 0.00539541)	(77, 0.00804889)	(78, 0.008181569999999999)	(79, 0.007429750000000001)	(80, 0.000862382)	(81, 0.0066337)	(82, 0.00804889)	(83, 0.00218912)	(84, 0.00406867)	(85, 0.00338319)	(86, 0.00570499)	(87, 0.00141519)	(88, 0.0023218)	(89, 0.00793833)	(90, 0.00331685)	(91, 0.00245447)	(92, 0.0035379800000000005)	(93, 0.00152575)	(94, 0.00360431)	(95, 0.00223335)	(96, 0.0035822)	(97, 0.00119407)	(98, 0.0031399500000000003)	(99, 0.00119407)	(100, 0.0053733)	(101, 0.00141519)	(102, 0.0016141999999999999)	(103, 0.00333896)	(104, 0.00287461)	(105, 0.00320629)	(106, 0.00238813)	(107, 0.00477627)	(108, 0.00524063)	(109, 0.00499739)	(110, 0.00621357)	(111, 0.00276404)	(112, 0.004267679999999999)	(113, 0.0031399500000000003)	(114, 0.00497528)	(115, 0.00526274)	(116, 0.00599245)	(117, 0.00935352)	(118, 0.00992844)	(119, 0.00535119)	(120, 0.00453303)	(121, 0.00307362)	(122, 0.0074960899999999995)	(123, 0.00278616)	(124, 0.0025650300000000003)	(125, 0.003936)	(126, 0.00194589)	(127, 0.00271982)	(128, 0.00347164)	(129, 0.00236602)	(130, 0.00119407)	(131, 0.00707595)	(132, 0.00559442)	(133, 0.00919874)	(134, 0.00495317)	(135, 0.00168054)	(136, 0.00336108)	(137, 0.00610301)	(138, 0.00170265)	(139, 0.00225546)	(140, 0.00156998)	(141, 0.00652314)	(142, 0.00400234)	(143, 0.021559500000000002)	(144, 0.0035822)	(145, 0.00535119)	(146, 0.00541753)	(147, 0.0076951)	(148, 0.006478920000000001)	(149, 0.00619146)	(150, 0.006876940000000001)
SRR39146900	(1, 0.0172015)	(2, 0.142578)	(3, 0.0110649)	(4, 0.014728000000000002)	(5, 0.00213367)	(6, 0.00485268)	(7, 0.00940324)	(8, 0.00458833)	(9, 0.007156280000000001)	(10, 0.00171826)	(11, 0.00268125)	(12, 0.007156280000000001)	(13, 0.0111026)	(14, 0.0255285)	(15, 0.006155529999999999)	(16, 0.0018693199999999998)	(17, 0.00449392)	(18, 0.0109327)	(19, 0.00696746)	(20, 0.0018504399999999999)	(21, 0.007836029999999999)	(22, 0.007760509999999999)	(23, 0.00237913)	(24, 0.00111404)	(25, 0.00543802)	(26, 0.004796030000000001)	(27, 0.00987529)	(28, 0.00577789)	(29, 0.00307777)	(30, 0.0018504399999999999)	(31, 0.00411628)	(32, 0.00570237)	(33, 0.00200149)	(34, 0.00279454)	(35, 0.00200149)	(36, 0.0112537)	(37, 0.00838361)	(38, 0.06510519999999999)	(39, 0.0037008699999999998)	(40, 0.000925218)	(41, 0.00171826)	(42, 0.00517367)	(43, 0.00211478)	(44, 0.015426599999999999)	(45, 0.0229794)	(46, 0.00402187)	(47, 0.0034931700000000003)	(48, 0.0028323)	(49, 0.00383305)	(50, 0.022148599999999997)	(51, 0.0189953)	(52, 0.00066087)	(53, 0.00217143)	(54, 0.00400299)	(55, 0.01537)	(56, 0.0152189)	(57, 0.0030588900000000003)	(58, 0.0064010000000000004)	(59, 0.00270013)	(60, 0.0080815)	(61, 0.00202037)	(62, 0.007212929999999999)	(63, 0.0108383)	(64, 0.0024924300000000003)	(65, 0.0076661)	(66, 0.006570940000000001)	(67, 0.00270013)	(68, 0.00313441)	(69, 0.00126509)	(70, 0.0100263)	(71, 0.0293049)	(72, 0.0056079599999999995)	(73, 0.00307777)	(74, 0.00254907)	(75, 0.00602336)	(76, 0.0052114299999999995)	(77, 0.0075528)	(78, 0.00743951)	(79, 0.007156280000000001)	(80, 0.000698634)	(81, 0.00626883)	(82, 0.0088179)	(83, 0.00256795)	(84, 0.00390858)	(85, 0.00322882)	(86, 0.005815659999999999)	(87, 0.00128398)	(88, 0.00215255)	(89, 0.00825144)	(90, 0.00324771)	(91, 0.00224696)	(92, 0.0043051)	(93, 0.0015483200000000002)	(94, 0.0037386399999999997)	(95, 0.00232249)	(96, 0.0036253500000000003)	(97, 0.00151056)	(98, 0.0028323)	(99, 0.00109516)	(100, 0.00532473)	(101, 0.0015860899999999999)	(102, 0.0018882)	(103, 0.0036631100000000002)	(104, 0.00268125)	(105, 0.0035686999999999997)	(106, 0.00220919)	(107, 0.00490932)	(108, 0.00594783)	(109, 0.00456945)	(110, 0.006835289999999999)	(111, 0.00281342)	(112, 0.004059630000000001)	(113, 0.0031533)	(114, 0.00543802)	(115, 0.00558907)	(116, 0.00653317)	(117, 0.00970535)	(118, 0.0102718)	(119, 0.00515479)	(120, 0.00489044)	(121, 0.0031533)	(122, 0.007628329999999999)	(123, 0.00268125)	(124, 0.0024924300000000003)	(125, 0.0050037300000000005)	(126, 0.00190708)	(127, 0.00256795)	(128, 0.00404075)	(129, 0.00239801)	(130, 0.0013028599999999999)	(131, 0.00855355)	(132, 0.005022609999999999)	(133, 0.009214420000000001)	(134, 0.00536249)	(135, 0.00181267)	(136, 0.00292671)	(137, 0.00674088)	(138, 0.0017560299999999998)	(139, 0.00247354)	(140, 0.00173714)	(141, 0.0066087)	(142, 0.0036253500000000003)	(143, 0.0211478)	(144, 0.0030966500000000003)	(145, 0.0056079599999999995)	(146, 0.00589119)	(147, 0.00753392)	(148, 0.00655206)	(149, 0.00568348)	(150, 0.00757169)
