Sample	0	1	2	3	4	5	6	7	8	9	10	11	12	13	14	15	16	17	18	19	20	21	22	23	24	25	26	27	28	29	30	31	32	33	34	35	36	37	38	39	40	41	42	43	44	45	46	47	48	49	50	51	52	53	54	55	56	57	58	59	60	61	62	63	64	65	66	67	68	69	70	71	72	73	74	75	76	77	78	79	80	81	82	83	84	85	86	87	88	89	90	91	92	93	94	95	96	97	98	99	100	101	102	103	104	105	106	107	108	109	110	111	112	113	114	115	116	117	118	119	120	121	122	123	124	125	126	127	128	129	130	131	132	133	134	135	136	137	138	139	140	141	142	143	144	145	146	147	148	149
SRR39139285	(1, 59.3172)	(2, 55.844899999999996)	(3, 58.238800000000005)	(4, 59.455000000000005)	(5, 58.3173)	(6, 59.127700000000004)	(7, 58.9394)	(8, 57.754099999999994)	(9, 58.5492)	(10, 58.46130000000001)	(11, 57.667100000000005)	(12, 58.381400000000006)	(13, 58.3144)	(14, 57.5264)	(15, 58.2905)	(16, 58.3067)	(17, 57.6275)	(18, 58.4568)	(19, 58.418499999999995)	(20, 57.7453)	(21, 58.5517)	(22, 58.473699999999994)	(23, 57.7852)	(24, 58.6088)	(25, 58.602)	(26, 57.8561)	(27, 58.6151)	(28, 58.564400000000006)	(29, 57.9152)	(30, 58.7592)	(31, 58.7011)	(32, 57.967)	(33, 58.8102)	(34, 58.7245)	(35, 58.0314)	(36, 58.8346)	(37, 58.797999999999995)	(38, 58.0081)	(39, 58.801899999999996)	(40, 58.8271)	(41, 58.0709)	(42, 58.890299999999996)	(43, 58.8112)	(44, 58.0925)	(45, 58.9019)	(46, 58.882999999999996)	(47, 58.1641)	(48, 58.94350000000001)	(49, 58.8669)	(50, 58.177299999999995)	(51, 58.9329)	(52, 58.892199999999995)	(53, 58.168200000000006)	(54, 58.9451)	(55, 58.9009)	(56, 58.1936)	(57, 58.938900000000004)	(58, 58.9333)	(59, 58.2241)	(60, 58.958200000000005)	(61, 58.910700000000006)	(62, 58.1952)	(63, 58.9469)	(64, 58.905499999999996)	(65, 58.1915)	(66, 58.9158)	(67, 58.899)	(68, 58.165800000000004)	(69, 58.943599999999996)	(70, 58.8759)	(71, 58.2063)	(72, 58.9156)	(73, 58.8989)	(74, 58.18449999999999)	(75, 58.967099999999995)	(76, 58.853699999999996)	(77, 58.208099999999995)	(78, 58.9036)	(79, 58.840199999999996)	(80, 58.1913)	(81, 58.921800000000005)	(82, 58.828599999999994)	(83, 58.1776)	(84, 58.924600000000005)	(85, 58.8979)	(86, 58.192699999999995)	(87, 58.881099999999996)	(88, 58.871399999999994)	(89, 58.1491)	(90, 58.9376)	(91, 58.8102)	(92, 58.1739)	(93, 58.9176)	(94, 58.850199999999994)	(95, 58.1554)	(96, 58.89529999999999)	(97, 58.8745)	(98, 58.1696)	(99, 58.8372)	(100, 58.8558)	(101, 58.1545)	(102, 58.902699999999996)	(103, 58.808899999999994)	(104, 58.1662)	(105, 58.8758)	(106, 58.8457)	(107, 58.184999999999995)	(108, 58.8785)	(109, 58.8351)	(110, 58.1838)	(111, 58.877900000000004)	(112, 58.7828)	(113, 58.154799999999994)	(114, 58.8938)	(115, 58.81380000000001)	(116, 58.1654)	(117, 58.8558)	(118, 58.8463)	(119, 58.1319)	(120, 58.8126)	(121, 58.8345)	(122, 58.1747)	(123, 58.8645)	(124, 58.8144)	(125, 58.1329)	(126, 58.897800000000004)	(127, 58.796800000000005)	(128, 58.0967)	(129, 58.8399)	(130, 58.7754)	(131, 58.1498)	(132, 58.845499999999994)	(133, 58.7861)	(134, 58.153)	(135, 58.823899999999995)	(136, 58.782500000000006)	(137, 58.157000000000004)	(138, 58.8188)	(139, 58.7516)	(140, 58.1756)	(141, 58.8619)	(142, 58.748599999999996)	(143, 58.139399999999995)	(144, 58.77869999999999)	(145, 58.73890000000001)	(146, 58.1275)	(147, 58.7659)	(148, 58.7538)	(149, 58.128899999999994)	(150, 58.78790000000001)
SRR39146138	(1, 61.704)	(2, 57.4379)	(3, 59.3816)	(4, 60.8336)	(5, 59.5691)	(6, 60.435700000000004)	(7, 60.331999999999994)	(8, 59.1026)	(9, 59.7855)	(10, 59.7814)	(11, 58.9691)	(12, 59.5579)	(13, 59.5454)	(14, 58.7803)	(15, 59.4893)	(16, 59.67249999999999)	(17, 58.8573)	(18, 59.6358)	(19, 59.7654)	(20, 58.9897)	(21, 59.737899999999996)	(22, 59.824200000000005)	(23, 59.0254)	(24, 59.81340000000001)	(25, 59.8938)	(26, 59.136500000000005)	(27, 59.86749999999999)	(28, 59.888600000000004)	(29, 59.166)	(30, 59.898700000000005)	(31, 60.07209999999999)	(32, 59.231199999999994)	(33, 60.0086)	(34, 60.0707)	(35, 59.3044)	(36, 60.0216)	(37, 60.127399999999994)	(38, 59.2858)	(39, 60.06320000000001)	(40, 60.106700000000004)	(41, 59.3567)	(42, 60.104400000000005)	(43, 60.159600000000005)	(44, 59.377500000000005)	(45, 60.0695)	(46, 60.19330000000001)	(47, 59.3943)	(48, 60.1277)	(49, 60.1901)	(50, 59.422799999999995)	(51, 60.1205)	(52, 60.1993)	(53, 59.3961)	(54, 60.1403)	(55, 60.2275)	(56, 59.4129)	(57, 60.1395)	(58, 60.20720000000001)	(59, 59.4063)	(60, 60.140899999999995)	(61, 60.163599999999995)	(62, 59.3927)	(63, 60.133700000000005)	(64, 60.184099999999994)	(65, 59.397299999999994)	(66, 60.129200000000004)	(67, 60.185)	(68, 59.3797)	(69, 60.182100000000005)	(70, 60.17439999999999)	(71, 59.4274)	(72, 60.0916)	(73, 60.1549)	(74, 59.3916)	(75, 60.095)	(76, 60.183299999999996)	(77, 59.422799999999995)	(78, 60.094300000000004)	(79, 60.1422)	(80, 59.4345)	(81, 60.1113)	(82, 60.157700000000006)	(83, 59.3896)	(84, 60.0691)	(85, 60.1477)	(86, 59.45589999999999)	(87, 60.11879999999999)	(88, 60.1733)	(89, 59.414699999999996)	(90, 60.1141)	(91, 60.1309)	(92, 59.386300000000006)	(93, 60.1204)	(94, 60.119699999999995)	(95, 59.38290000000001)	(96, 60.1195)	(97, 60.1475)	(98, 59.438100000000006)	(99, 60.075900000000004)	(100, 60.1315)	(101, 59.37050000000001)	(102, 60.0642)	(103, 60.160199999999996)	(104, 59.40220000000001)	(105, 60.0707)	(106, 60.1217)	(107, 59.382000000000005)	(108, 60.049)	(109, 60.1121)	(110, 59.4298)	(111, 60.043899999999994)	(112, 60.150800000000004)	(113, 59.3678)	(114, 60.0272)	(115, 60.1123)	(116, 59.4034)	(117, 60.0283)	(118, 60.086099999999995)	(119, 59.37519999999999)	(120, 60.0561)	(121, 60.141999999999996)	(122, 59.369499999999995)	(123, 60.0406)	(124, 60.035700000000006)	(125, 59.4059)	(126, 60.00020000000001)	(127, 60.0519)	(128, 59.323899999999995)	(129, 60.0306)	(130, 60.0961)	(131, 59.358900000000006)	(132, 59.9922)	(133, 60.055)	(134, 59.3413)	(135, 60.00450000000001)	(136, 60.0665)	(137, 59.3446)	(138, 60.0013)	(139, 60.032399999999996)	(140, 59.3285)	(141, 59.977599999999995)	(142, 59.9753)	(143, 59.3144)	(144, 59.971399999999996)	(145, 60.0487)	(146, 59.2897)	(147, 59.914199999999994)	(148, 59.9816)	(149, 59.318599999999996)	(150, 59.929100000000005)
SRR39146893	(1, 61.70139999999999)	(2, 57.4869)	(3, 59.4522)	(4, 61.0464)	(5, 59.8738)	(6, 60.663900000000005)	(7, 60.5874)	(8, 59.4233)	(9, 60.250400000000006)	(10, 60.1623)	(11, 59.26519999999999)	(12, 60.111000000000004)	(13, 59.9959)	(14, 59.1564)	(15, 59.95009999999999)	(16, 60.059200000000004)	(17, 59.254799999999996)	(18, 60.1176)	(19, 60.1727)	(20, 59.3284)	(21, 60.15859999999999)	(22, 60.2521)	(23, 59.3624)	(24, 60.2347)	(25, 60.329299999999996)	(26, 59.458999999999996)	(27, 60.313300000000005)	(28, 60.343500000000006)	(29, 59.4941)	(30, 60.3544)	(31, 60.3991)	(32, 59.5826)	(33, 60.42380000000001)	(34, 60.4703)	(35, 59.5695)	(36, 60.494499999999995)	(37, 60.518499999999996)	(38, 59.6338)	(39, 60.4954)	(40, 60.570800000000006)	(41, 59.726)	(42, 60.5614)	(43, 60.5307)	(44, 59.711400000000005)	(45, 60.565400000000004)	(46, 60.616)	(47, 59.761399999999995)	(48, 60.6472)	(49, 60.617)	(50, 59.758100000000006)	(51, 60.5662)	(52, 60.57940000000001)	(53, 59.7371)	(54, 60.5546)	(55, 60.5271)	(56, 59.7464)	(57, 60.6378)	(58, 60.5941)	(59, 59.7824)	(60, 60.64469999999999)	(61, 60.5907)	(62, 59.7418)	(63, 60.6448)	(64, 60.5665)	(65, 59.76630000000001)	(66, 60.571600000000004)	(67, 60.5805)	(68, 59.7812)	(69, 60.622600000000006)	(70, 60.6396)	(71, 59.71300000000001)	(72, 60.5893)	(73, 60.624100000000006)	(74, 59.797)	(75, 60.6059)	(76, 60.5897)	(77, 59.724999999999994)	(78, 60.603899999999996)	(79, 60.5531)	(80, 59.7444)	(81, 60.608)	(82, 60.5781)	(83, 59.7332)	(84, 60.6129)	(85, 60.62)	(86, 59.7944)	(87, 60.596700000000006)	(88, 60.5623)	(89, 59.7634)	(90, 60.5841)	(91, 60.5389)	(92, 59.7942)	(93, 60.601400000000005)	(94, 60.557300000000005)	(95, 59.7147)	(96, 60.57090000000001)	(97, 60.568299999999994)	(98, 59.7881)	(99, 60.56510000000001)	(100, 60.528800000000004)	(101, 59.718)	(102, 60.5634)	(103, 60.5313)	(104, 59.8154)	(105, 60.500299999999996)	(106, 60.536100000000005)	(107, 59.708600000000004)	(108, 60.5074)	(109, 60.4946)	(110, 59.7473)	(111, 60.5217)	(112, 60.5143)	(113, 59.7003)	(114, 60.5212)	(115, 60.528499999999994)	(116, 59.7189)	(117, 60.4837)	(118, 60.5104)	(119, 59.7362)	(120, 60.5431)	(121, 60.5077)	(122, 59.769099999999995)	(123, 60.540099999999995)	(124, 60.4761)	(125, 59.7309)	(126, 60.4764)	(127, 60.473699999999994)	(128, 59.70609999999999)	(129, 60.514500000000005)	(130, 60.48630000000001)	(131, 59.7232)	(132, 60.4453)	(133, 60.4494)	(134, 59.730799999999995)	(135, 60.4249)	(136, 60.427200000000006)	(137, 59.6886)	(138, 60.453199999999995)	(139, 60.430099999999996)	(140, 59.6878)	(141, 60.4174)	(142, 60.38590000000001)	(143, 59.704100000000004)	(144, 60.4136)	(145, 60.3866)	(146, 59.6613)	(147, 60.40839999999999)	(148, 60.431900000000006)	(149, 59.675900000000006)	(150, 60.455999999999996)
SRR39146894	(1, 59.653)	(2, 57.25320000000001)	(3, 59.0469)	(4, 60.472)	(5, 59.380500000000005)	(6, 60.1356)	(7, 59.90069999999999)	(8, 58.7068)	(9, 59.46169999999999)	(10, 59.461299999999994)	(11, 58.6636)	(12, 59.3245)	(13, 59.215700000000005)	(14, 58.5655)	(15, 59.297900000000006)	(16, 59.36860000000001)	(17, 58.605799999999995)	(18, 59.379599999999996)	(19, 59.4863)	(20, 58.742000000000004)	(21, 59.5124)	(22, 59.472100000000005)	(23, 58.7402)	(24, 59.6189)	(25, 59.566399999999994)	(26, 58.8606)	(27, 59.6074)	(28, 59.565599999999996)	(29, 58.9202)	(30, 59.6191)	(31, 59.669399999999996)	(32, 58.9743)	(33, 59.702999999999996)	(34, 59.7487)	(35, 58.999900000000004)	(36, 59.76519999999999)	(37, 59.8245)	(38, 59.054300000000005)	(39, 59.830099999999995)	(40, 59.803200000000004)	(41, 59.14430000000001)	(42, 59.8286)	(43, 59.866299999999995)	(44, 59.1448)	(45, 59.83500000000001)	(46, 59.898399999999995)	(47, 59.1881)	(48, 59.91030000000001)	(49, 59.9221)	(50, 59.1925)	(51, 59.9066)	(52, 59.9025)	(53, 59.1518)	(54, 59.8958)	(55, 59.9245)	(56, 59.1746)	(57, 59.916599999999995)	(58, 59.9067)	(59, 59.192699999999995)	(60, 59.98440000000001)	(61, 59.86939999999999)	(62, 59.1709)	(63, 59.9043)	(64, 59.8812)	(65, 59.15899999999999)	(66, 59.931)	(67, 59.928599999999996)	(68, 59.1934)	(69, 59.857499999999995)	(70, 59.8125)	(71, 59.128099999999996)	(72, 59.9043)	(73, 59.900200000000005)	(74, 59.1989)	(75, 59.891799999999996)	(76, 59.8784)	(77, 59.2045)	(78, 59.9035)	(79, 59.827200000000005)	(80, 59.19)	(81, 59.8996)	(82, 59.84009999999999)	(83, 59.158500000000004)	(84, 59.827200000000005)	(85, 59.8521)	(86, 59.178799999999995)	(87, 59.88289999999999)	(88, 59.8406)	(89, 59.17400000000001)	(90, 59.8467)	(91, 59.8394)	(92, 59.1555)	(93, 59.8408)	(94, 59.8078)	(95, 59.182500000000005)	(96, 59.877)	(97, 59.8543)	(98, 59.2027)	(99, 59.8529)	(100, 59.8379)	(101, 59.149300000000004)	(102, 59.843199999999996)	(103, 59.8526)	(104, 59.15709999999999)	(105, 59.8659)	(106, 59.7972)	(107, 59.1703)	(108, 59.8761)	(109, 59.8213)	(110, 59.170500000000004)	(111, 59.83690000000001)	(112, 59.8625)	(113, 59.1897)	(114, 59.807)	(115, 59.8015)	(116, 59.160999999999994)	(117, 59.82809999999999)	(118, 59.799)	(119, 59.118700000000004)	(120, 59.8328)	(121, 59.794599999999996)	(122, 59.1257)	(123, 59.8021)	(124, 59.7073)	(125, 59.100699999999996)	(126, 59.80330000000001)	(127, 59.752700000000004)	(128, 59.126400000000004)	(129, 59.8047)	(130, 59.770500000000006)	(131, 59.1279)	(132, 59.7756)	(133, 59.782500000000006)	(134, 59.1142)	(135, 59.825799999999994)	(136, 59.752700000000004)	(137, 59.1151)	(138, 59.7993)	(139, 59.741299999999995)	(140, 59.0979)	(141, 59.731500000000004)	(142, 59.758599999999994)	(143, 59.081700000000005)	(144, 59.754200000000004)	(145, 59.6703)	(146, 59.094899999999996)	(147, 59.779)	(148, 59.7248)	(149, 59.0708)	(150, 59.7257)
SRR39146895	(1, 60.456900000000005)	(2, 57.4982)	(3, 59.88289999999999)	(4, 61.191700000000004)	(5, 60.0838)	(6, 60.828199999999995)	(7, 60.55500000000001)	(8, 59.38440000000001)	(9, 60.097500000000004)	(10, 60.02380000000001)	(11, 59.24739999999999)	(12, 59.976600000000005)	(13, 59.870000000000005)	(14, 59.1286)	(15, 59.9518)	(16, 59.9682)	(17, 59.19839999999999)	(18, 60.10529999999999)	(19, 60.0217)	(20, 59.2963)	(21, 60.16289999999999)	(22, 60.1181)	(23, 59.3255)	(24, 60.2357)	(25, 60.211400000000005)	(26, 59.4143)	(27, 60.2853)	(28, 60.2722)	(29, 59.5427)	(30, 60.353100000000005)	(31, 60.2967)	(32, 59.57170000000001)	(33, 60.3619)	(34, 60.3539)	(35, 59.5508)	(36, 60.445499999999996)	(37, 60.3788)	(38, 59.609500000000004)	(39, 60.4572)	(40, 60.4001)	(41, 59.7044)	(42, 60.5383)	(43, 60.4287)	(44, 59.6638)	(45, 60.4841)	(46, 60.5344)	(47, 59.7145)	(48, 60.5581)	(49, 60.4635)	(50, 59.754200000000004)	(51, 60.547799999999995)	(52, 60.4657)	(53, 59.728300000000004)	(54, 60.573100000000004)	(55, 60.5389)	(56, 59.6954)	(57, 60.548199999999994)	(58, 60.5352)	(59, 59.7024)	(60, 60.5646)	(61, 60.50600000000001)	(62, 59.7261)	(63, 60.5498)	(64, 60.523700000000005)	(65, 59.7462)	(66, 60.567499999999995)	(67, 60.4898)	(68, 59.7641)	(69, 60.5705)	(70, 60.4583)	(71, 59.6954)	(72, 60.5595)	(73, 60.4903)	(74, 59.7352)	(75, 60.5356)	(76, 60.464)	(77, 59.711400000000005)	(78, 60.539699999999996)	(79, 60.449799999999996)	(80, 59.6863)	(81, 60.51299999999999)	(82, 60.457300000000004)	(83, 59.7186)	(84, 60.574099999999994)	(85, 60.4684)	(86, 59.6866)	(87, 60.520700000000005)	(88, 60.4352)	(89, 59.7067)	(90, 60.5431)	(91, 60.46)	(92, 59.7098)	(93, 60.5394)	(94, 60.465)	(95, 59.6912)	(96, 60.4725)	(97, 60.4702)	(98, 59.69839999999999)	(99, 60.5089)	(100, 60.3972)	(101, 59.7338)	(102, 60.544399999999996)	(103, 60.4438)	(104, 59.714299999999994)	(105, 60.488200000000006)	(106, 60.38869999999999)	(107, 59.6473)	(108, 60.509299999999996)	(109, 60.4367)	(110, 59.719500000000004)	(111, 60.4759)	(112, 60.423899999999996)	(113, 59.687900000000006)	(114, 60.5271)	(115, 60.44389999999999)	(116, 59.6794)	(117, 60.5115)	(118, 60.3816)	(119, 59.707699999999996)	(120, 60.4734)	(121, 60.4008)	(122, 59.6911)	(123, 60.484)	(124, 60.3793)	(125, 59.694199999999995)	(126, 60.46280000000001)	(127, 60.4035)	(128, 59.7106)	(129, 60.496)	(130, 60.3554)	(131, 59.725899999999996)	(132, 60.44349999999999)	(133, 60.39600000000001)	(134, 59.678399999999996)	(135, 60.456900000000005)	(136, 60.394099999999995)	(137, 59.689)	(138, 60.4394)	(139, 60.3521)	(140, 59.6642)	(141, 60.4015)	(142, 60.3222)	(143, 59.629)	(144, 60.408899999999996)	(145, 60.3029)	(146, 59.6533)	(147, 60.38719999999999)	(148, 60.3459)	(149, 59.640899999999995)	(150, 60.4235)
SRR39146896	(1, 59.63850000000001)	(2, 57.192600000000006)	(3, 58.9932)	(4, 60.4485)	(5, 59.3252)	(6, 60.057300000000005)	(7, 59.9705)	(8, 58.851299999999995)	(9, 59.5082)	(10, 59.5782)	(11, 58.769400000000005)	(12, 59.416199999999996)	(13, 59.3492)	(14, 58.625400000000006)	(15, 59.328199999999995)	(16, 59.4543)	(17, 58.702799999999996)	(18, 59.473600000000005)	(19, 59.557300000000005)	(20, 58.8179)	(21, 59.599999999999994)	(22, 59.6436)	(23, 58.892999999999994)	(24, 59.567099999999996)	(25, 59.7067)	(26, 58.8839)	(27, 59.6296)	(28, 59.7397)	(29, 59.0141)	(30, 59.7751)	(31, 59.838800000000006)	(32, 59.0494)	(33, 59.849399999999996)	(34, 59.904999999999994)	(35, 59.0504)	(36, 59.830000000000005)	(37, 59.885600000000004)	(38, 59.0768)	(39, 59.879599999999996)	(40, 59.9486)	(41, 59.141200000000005)	(42, 59.929100000000005)	(43, 59.980599999999995)	(44, 59.184099999999994)	(45, 59.9328)	(46, 60.0534)	(47, 59.2295)	(48, 59.9903)	(49, 59.967999999999996)	(50, 59.2719)	(51, 59.93920000000001)	(52, 60.013099999999994)	(53, 59.2241)	(54, 59.9796)	(55, 59.9669)	(56, 59.2742)	(57, 59.993399999999994)	(58, 59.9643)	(59, 59.215399999999995)	(60, 60.0243)	(61, 60.0488)	(62, 59.2544)	(63, 59.9893)	(64, 60.0298)	(65, 59.2361)	(66, 59.9605)	(67, 59.969300000000004)	(68, 59.2862)	(69, 59.9808)	(70, 60.0356)	(71, 59.244699999999995)	(72, 59.961200000000005)	(73, 59.9618)	(74, 59.2421)	(75, 59.9763)	(76, 60.0192)	(77, 59.2039)	(78, 59.9287)	(79, 60.006099999999996)	(80, 59.25280000000001)	(81, 59.9087)	(82, 59.9595)	(83, 59.194500000000005)	(84, 59.99679999999999)	(85, 59.9297)	(86, 59.197100000000006)	(87, 59.9547)	(88, 59.9183)	(89, 59.230799999999995)	(90, 59.9221)	(91, 59.948100000000004)	(92, 59.22880000000001)	(93, 59.9054)	(94, 59.976)	(95, 59.2363)	(96, 59.921)	(97, 59.9139)	(98, 59.1973)	(99, 59.9134)	(100, 59.9101)	(101, 59.2036)	(102, 59.898799999999994)	(103, 59.9592)	(104, 59.216)	(105, 59.9376)	(106, 59.9307)	(107, 59.1993)	(108, 59.90259999999999)	(109, 59.92229999999999)	(110, 59.1737)	(111, 59.9364)	(112, 59.894000000000005)	(113, 59.217299999999994)	(114, 59.950199999999995)	(115, 59.8837)	(116, 59.2229)	(117, 59.843)	(118, 59.904900000000005)	(119, 59.185500000000005)	(120, 59.9456)	(121, 59.92849999999999)	(122, 59.2101)	(123, 59.875)	(124, 59.906400000000005)	(125, 59.1885)	(126, 59.8646)	(127, 59.9293)	(128, 59.1746)	(129, 59.8943)	(130, 59.86860000000001)	(131, 59.20029999999999)	(132, 59.8442)	(133, 59.8715)	(134, 59.131699999999995)	(135, 59.8616)	(136, 59.8561)	(137, 59.1761)	(138, 59.8804)	(139, 59.8387)	(140, 59.1626)	(141, 59.8499)	(142, 59.8209)	(143, 59.1507)	(144, 59.8318)	(145, 59.801300000000005)	(146, 59.1438)	(147, 59.8097)	(148, 59.7865)	(149, 59.1564)	(150, 59.7747)
SRR39146897	(1, 60.5191)	(2, 57.363)	(3, 59.41459999999999)	(4, 60.8201)	(5, 59.6982)	(6, 60.50600000000001)	(7, 60.3656)	(8, 59.163399999999996)	(9, 60.0078)	(10, 60.0132)	(11, 59.0978)	(12, 59.7977)	(13, 59.7577)	(14, 58.9201)	(15, 59.763200000000005)	(16, 59.9009)	(17, 59.0473)	(18, 59.908300000000004)	(19, 60.012299999999996)	(20, 59.153800000000004)	(21, 60.0197)	(22, 60.013000000000005)	(23, 59.2174)	(24, 60.0855)	(25, 60.1232)	(26, 59.243500000000004)	(27, 60.0924)	(28, 60.1684)	(29, 59.3545)	(30, 60.209900000000005)	(31, 60.193200000000004)	(32, 59.383300000000006)	(33, 60.254799999999996)	(34, 60.316)	(35, 59.465500000000006)	(36, 60.2769)	(37, 60.3481)	(38, 59.4525)	(39, 60.3036)	(40, 60.3386)	(41, 59.522299999999994)	(42, 60.3444)	(43, 60.3621)	(44, 59.5043)	(45, 60.4125)	(46, 60.418400000000005)	(47, 59.5974)	(48, 60.4313)	(49, 60.4275)	(50, 59.5633)	(51, 60.4306)	(52, 60.433499999999995)	(53, 59.6276)	(54, 60.398799999999994)	(55, 60.4077)	(56, 59.6045)	(57, 60.40560000000001)	(58, 60.352799999999995)	(59, 59.5835)	(60, 60.439699999999995)	(61, 60.4711)	(62, 59.622699999999995)	(63, 60.42960000000001)	(64, 60.3785)	(65, 59.5985)	(66, 60.402100000000004)	(67, 60.410799999999995)	(68, 59.606300000000005)	(69, 60.43300000000001)	(70, 60.392)	(71, 59.6167)	(72, 60.3778)	(73, 60.425)	(74, 59.588499999999996)	(75, 60.38)	(76, 60.380199999999995)	(77, 59.527300000000004)	(78, 60.3646)	(79, 60.4448)	(80, 59.6139)	(81, 60.3766)	(82, 60.3816)	(83, 59.6203)	(84, 60.427299999999995)	(85, 60.372899999999994)	(86, 59.5947)	(87, 60.3813)	(88, 60.38719999999999)	(89, 59.569799999999994)	(90, 60.3698)	(91, 60.380500000000005)	(92, 59.55669999999999)	(93, 60.3841)	(94, 60.3364)	(95, 59.5749)	(96, 60.31570000000001)	(97, 60.3764)	(98, 59.5715)	(99, 60.339200000000005)	(100, 60.350300000000004)	(101, 59.563)	(102, 60.344699999999996)	(103, 60.3656)	(104, 59.558)	(105, 60.3303)	(106, 60.3438)	(107, 59.5484)	(108, 60.367000000000004)	(109, 60.3304)	(110, 59.5844)	(111, 60.3175)	(112, 60.3186)	(113, 59.532300000000006)	(114, 60.339600000000004)	(115, 60.362300000000005)	(116, 59.61959999999999)	(117, 60.3391)	(118, 60.3006)	(119, 59.5413)	(120, 60.3525)	(121, 60.3299)	(122, 59.5421)	(123, 60.297)	(124, 60.26519999999999)	(125, 59.5171)	(126, 60.2676)	(127, 60.26780000000001)	(128, 59.549)	(129, 60.2872)	(130, 60.3113)	(131, 59.5508)	(132, 60.30140000000001)	(133, 60.275999999999996)	(134, 59.4927)	(135, 60.2638)	(136, 60.27400000000001)	(137, 59.5137)	(138, 60.2332)	(139, 60.29130000000001)	(140, 59.5719)	(141, 60.2464)	(142, 60.195600000000006)	(143, 59.4927)	(144, 60.26519999999999)	(145, 60.204)	(146, 59.533)	(147, 60.229600000000005)	(148, 60.18)	(149, 59.497699999999995)	(150, 60.192299999999996)
SRR39146898	(1, 60.63380000000001)	(2, 57.5963)	(3, 59.4158)	(4, 60.785199999999996)	(5, 59.6816)	(6, 60.3348)	(7, 60.168600000000005)	(8, 59.004400000000004)	(9, 59.5854)	(10, 59.6469)	(11, 58.811)	(12, 59.4448)	(13, 59.3577)	(14, 58.7246)	(15, 59.4649)	(16, 59.517900000000004)	(17, 58.811400000000006)	(18, 59.5565)	(19, 59.6484)	(20, 58.9153)	(21, 59.61300000000001)	(22, 59.6728)	(23, 58.9376)	(24, 59.7458)	(25, 59.7657)	(26, 59.0377)	(27, 59.6973)	(28, 59.7843)	(29, 59.12500000000001)	(30, 59.8449)	(31, 59.838899999999995)	(32, 59.1633)	(33, 59.87949999999999)	(34, 59.90299999999999)	(35, 59.1641)	(36, 59.9495)	(37, 59.9605)	(38, 59.2248)	(39, 59.940400000000004)	(40, 60.0129)	(41, 59.2654)	(42, 59.9902)	(43, 59.964)	(44, 59.252300000000005)	(45, 59.96)	(46, 60.0293)	(47, 59.2977)	(48, 60.0553)	(49, 60.007)	(50, 59.3255)	(51, 60.00450000000001)	(52, 60.021100000000004)	(53, 59.3475)	(54, 60.05200000000001)	(55, 60.0033)	(56, 59.29410000000001)	(57, 60.03659999999999)	(58, 60.0023)	(59, 59.309599999999996)	(60, 60.0032)	(61, 60.0176)	(62, 59.3111)	(63, 60.0334)	(64, 60.08)	(65, 59.3329)	(66, 60.0175)	(67, 59.95740000000001)	(68, 59.35979999999999)	(69, 60.009299999999996)	(70, 60.0005)	(71, 59.33619999999999)	(72, 59.98759999999999)	(73, 60.00529999999999)	(74, 59.3333)	(75, 60.004599999999996)	(76, 59.9859)	(77, 59.315799999999996)	(78, 60.0271)	(79, 59.9997)	(80, 59.306400000000004)	(81, 59.952600000000004)	(82, 60.014599999999994)	(83, 59.28790000000001)	(84, 59.9916)	(85, 59.9961)	(86, 59.3256)	(87, 59.9936)	(88, 60.02269999999999)	(89, 59.2957)	(90, 59.971)	(91, 59.959300000000006)	(92, 59.2911)	(93, 59.974700000000006)	(94, 59.9668)	(95, 59.2756)	(96, 59.963699999999996)	(97, 60.0038)	(98, 59.318099999999994)	(99, 60.0134)	(100, 59.924699999999994)	(101, 59.2943)	(102, 59.965500000000006)	(103, 59.9398)	(104, 59.2876)	(105, 59.960800000000006)	(106, 59.941199999999995)	(107, 59.3067)	(108, 59.922799999999995)	(109, 59.95009999999999)	(110, 59.2716)	(111, 59.9129)	(112, 59.8993)	(113, 59.310300000000005)	(114, 59.928000000000004)	(115, 59.94500000000001)	(116, 59.2723)	(117, 59.9465)	(118, 59.9332)	(119, 59.284099999999995)	(120, 59.94199999999999)	(121, 59.9367)	(122, 59.319)	(123, 59.9221)	(124, 59.904199999999996)	(125, 59.27909999999999)	(126, 59.8986)	(127, 59.9086)	(128, 59.2581)	(129, 59.897)	(130, 59.9349)	(131, 59.236)	(132, 59.912)	(133, 59.87949999999999)	(134, 59.2035)	(135, 59.896300000000004)	(136, 59.8437)	(137, 59.2603)	(138, 59.831599999999995)	(139, 59.8356)	(140, 59.2337)	(141, 59.8544)	(142, 59.874700000000004)	(143, 59.203399999999995)	(144, 59.8756)	(145, 59.8213)	(146, 59.179899999999996)	(147, 59.7982)	(148, 59.8108)	(149, 59.1843)	(150, 59.795500000000004)
SRR39146899	(1, 60.818000000000005)	(2, 57.9986)	(3, 59.6297)	(4, 60.973200000000006)	(5, 60.007200000000005)	(6, 60.563500000000005)	(7, 60.529599999999995)	(8, 59.414199999999994)	(9, 60.0375)	(10, 60.0139)	(11, 59.164300000000004)	(12, 59.8256)	(13, 59.7692)	(14, 58.9812)	(15, 59.7904)	(16, 59.8738)	(17, 59.0453)	(18, 59.8583)	(19, 60.051100000000005)	(20, 59.1546)	(21, 59.9407)	(22, 59.9682)	(23, 59.224)	(24, 59.931999999999995)	(25, 60.03849999999999)	(26, 59.3154)	(27, 60.007)	(28, 60.1103)	(29, 59.3641)	(30, 60.081300000000006)	(31, 60.189099999999996)	(32, 59.4072)	(33, 60.169399999999996)	(34, 60.206199999999995)	(35, 59.4558)	(36, 60.1757)	(37, 60.2645)	(38, 59.446200000000005)	(39, 60.2865)	(40, 60.3304)	(41, 59.5431)	(42, 60.2515)	(43, 60.322900000000004)	(44, 59.5432)	(45, 60.26820000000001)	(46, 60.365)	(47, 59.5819)	(48, 60.31609999999999)	(49, 60.3618)	(50, 59.5719)	(51, 60.2434)	(52, 60.29259999999999)	(53, 59.5951)	(54, 60.2742)	(55, 60.362300000000005)	(56, 59.6309)	(57, 60.31999999999999)	(58, 60.3241)	(59, 59.594800000000006)	(60, 60.2843)	(61, 60.3299)	(62, 59.58520000000001)	(63, 60.267700000000005)	(64, 60.3843)	(65, 59.6518)	(66, 60.1847)	(67, 60.2905)	(68, 59.5847)	(69, 60.3154)	(70, 60.32300000000001)	(71, 59.5787)	(72, 60.2463)	(73, 60.31100000000001)	(74, 59.570100000000004)	(75, 60.2615)	(76, 60.319199999999995)	(77, 59.606899999999996)	(78, 60.22070000000001)	(79, 60.3337)	(80, 59.521100000000004)	(81, 60.2886)	(82, 60.2938)	(83, 59.565)	(84, 60.270999999999994)	(85, 60.22690000000001)	(86, 59.513400000000004)	(87, 60.2638)	(88, 60.3178)	(89, 59.5465)	(90, 60.167)	(91, 60.2704)	(92, 59.56249999999999)	(93, 60.19949999999999)	(94, 60.3136)	(95, 59.6388)	(96, 60.1805)	(97, 60.248400000000004)	(98, 59.6256)	(99, 60.2185)	(100, 60.2795)	(101, 59.570299999999996)	(102, 60.1847)	(103, 60.2634)	(104, 59.5374)	(105, 60.211400000000005)	(106, 60.272800000000004)	(107, 59.6204)	(108, 60.1962)	(109, 60.2992)	(110, 59.5667)	(111, 60.196000000000005)	(112, 60.214800000000004)	(113, 59.5101)	(114, 60.197900000000004)	(115, 60.2405)	(116, 59.5715)	(117, 60.182100000000005)	(118, 60.204)	(119, 59.546699999999994)	(120, 60.1595)	(121, 60.2152)	(122, 59.5507)	(123, 60.204)	(124, 60.2399)	(125, 59.5492)	(126, 60.1377)	(127, 60.209)	(128, 59.4739)	(129, 60.1638)	(130, 60.2136)	(131, 59.5646)	(132, 60.175599999999996)	(133, 60.2239)	(134, 59.512100000000004)	(135, 60.141999999999996)	(136, 60.2204)	(137, 59.5039)	(138, 60.1277)	(139, 60.162099999999995)	(140, 59.4959)	(141, 60.141999999999996)	(142, 60.1729)	(143, 59.4365)	(144, 60.1359)	(145, 60.12929999999999)	(146, 59.4716)	(147, 60.08670000000001)	(148, 60.1128)	(149, 59.482)	(150, 60.0666)
SRR39146900	(1, 59.5988)	(2, 56.645500000000006)	(3, 58.723800000000004)	(4, 60.117)	(5, 58.99529999999999)	(6, 59.73500000000001)	(7, 59.4619)	(8, 58.4032)	(9, 59.0163)	(10, 59.0399)	(11, 58.2283)	(12, 58.907)	(13, 58.7675)	(14, 58.0746)	(15, 58.825300000000006)	(16, 58.932399999999994)	(17, 58.181400000000004)	(18, 59.018)	(19, 59.006800000000005)	(20, 58.2701)	(21, 59.0877)	(22, 59.031299999999995)	(23, 58.3662)	(24, 59.1873)	(25, 59.1421)	(26, 58.4167)	(27, 59.1546)	(28, 59.168699999999994)	(29, 58.50919999999999)	(30, 59.282500000000006)	(31, 59.251)	(32, 58.5719)	(33, 59.3534)	(34, 59.282999999999994)	(35, 58.5939)	(36, 59.363600000000005)	(37, 59.329299999999996)	(38, 58.618700000000004)	(39, 59.4023)	(40, 59.3774)	(41, 58.6414)	(42, 59.463699999999996)	(43, 59.350899999999996)	(44, 58.66479999999999)	(45, 59.381499999999996)	(46, 59.412200000000006)	(47, 58.719699999999996)	(48, 59.4625)	(49, 59.39919999999999)	(50, 58.7385)	(51, 59.422)	(52, 59.427)	(53, 58.78060000000001)	(54, 59.4457)	(55, 59.4167)	(56, 58.727399999999996)	(57, 59.47670000000001)	(58, 59.3645)	(59, 58.7554)	(60, 59.485600000000005)	(61, 59.3894)	(62, 58.7269)	(63, 59.47789999999999)	(64, 59.396899999999995)	(65, 58.75359999999999)	(66, 59.479899999999994)	(67, 59.416199999999996)	(68, 58.7346)	(69, 59.4644)	(70, 59.438500000000005)	(71, 58.7098)	(72, 59.4255)	(73, 59.387)	(74, 58.7324)	(75, 59.4273)	(76, 59.419599999999996)	(77, 58.69649999999999)	(78, 59.4321)	(79, 59.351299999999995)	(80, 58.744600000000005)	(81, 59.40220000000001)	(82, 59.4248)	(83, 58.7086)	(84, 59.43000000000001)	(85, 59.406000000000006)	(86, 58.702299999999994)	(87, 59.407399999999996)	(88, 59.3662)	(89, 58.713800000000006)	(90, 59.3793)	(91, 59.3383)	(92, 58.7112)	(93, 59.37440000000001)	(94, 59.3621)	(95, 58.7073)	(96, 59.435700000000004)	(97, 59.3785)	(98, 58.6921)	(99, 59.400200000000005)	(100, 59.318599999999996)	(101, 58.7267)	(102, 59.40839999999999)	(103, 59.4106)	(104, 58.7083)	(105, 59.363)	(106, 59.336)	(107, 58.6871)	(108, 59.3505)	(109, 59.3385)	(110, 58.686499999999995)	(111, 59.343199999999996)	(112, 59.3548)	(113, 58.755199999999995)	(114, 59.35510000000001)	(115, 59.3549)	(116, 58.728)	(117, 59.3564)	(118, 59.3201)	(119, 58.71189999999999)	(120, 59.389)	(121, 59.3562)	(122, 58.709500000000006)	(123, 59.3736)	(124, 59.2977)	(125, 58.6772)	(126, 59.3289)	(127, 59.3113)	(128, 58.707699999999996)	(129, 59.3471)	(130, 59.2882)	(131, 58.735400000000006)	(132, 59.3384)	(133, 59.2723)	(134, 58.684999999999995)	(135, 59.3216)	(136, 59.2593)	(137, 58.6342)	(138, 59.3389)	(139, 59.2546)	(140, 58.6503)	(141, 59.3164)	(142, 59.2401)	(143, 58.611000000000004)	(144, 59.33540000000001)	(145, 59.226800000000004)	(146, 58.6594)	(147, 59.303799999999995)	(148, 59.255500000000005)	(149, 58.6379)	(150, 59.2029)
