Sample	0	1	2	3	4	5	6	7	8	9	10	11	12	13	14	15	16	17	18	19	20	21	22	23	24	25	26	27	28	29	30	31	32	33	34	35	36	37
SRR39139285_1	(1, 38.69600005094141)	(2, 38.636469401071416)	(3, 39.057758563212666)	(4, 38.98785309697521)	(5, 38.86145511125827)	(6, 38.801434899506845)	(7, 38.7182011391397)	(8, 38.67929913616862)	(9, 38.63523107545546)	(10, 38.66778083509443)	(15, 39.163055720157885)	(20, 39.32186644811806)	(25, 39.12156611857211)	(30, 39.057856026105966)	(35, 39.102563176706)	(40, 39.11187736306314)	(45, 39.060402497027795)	(50, 39.05917563322787)	(55, 39.05068422546965)	(60, 39.01422516250683)	(65, 39.00645862097123)	(70, 38.944231897260174)	(75, 38.91208472454559)	(80, 38.8983022278624)	(85, 38.839381301657774)	(90, 38.829399932727384)	(95, 38.79321190800282)	(100, 38.76084815940464)	(105, 38.68313682187064)	(110, 38.653658079793715)	(115, 38.558527703509036)	(120, 38.55137425676116)	(125, 38.44609313137563)	(130, 38.35043034249854)	(135, 38.190499053463746)	(140, 38.10177433407223)	(145, 37.856446147818474)	(150, 37.77853523984037)
SRR39139285_2	(1, 37.81572958204825)	(2, 38.47843605392897)	(3, 38.85249316973152)	(4, 38.90421442735494)	(5, 38.92504833814905)	(6, 38.92376019483589)	(7, 38.91453905145606)	(8, 38.92889703618413)	(9, 38.997266768899074)	(10, 39.0529539647021)	(15, 39.126226507959224)	(20, 39.14410282073045)	(25, 38.86326892491911)	(30, 38.78826182683368)	(35, 38.76306148852283)	(40, 38.78151598623684)	(45, 38.78011764467921)	(50, 38.75370055593554)	(55, 38.731068038988155)	(60, 38.72144513273607)	(65, 38.68249128939438)	(70, 38.635902603030864)	(75, 38.61238393038407)	(80, 38.56659127838204)	(85, 38.53656079594447)	(90, 38.48074280059362)	(95, 38.438132113536405)	(100, 38.34823109718047)	(105, 38.27254527979191)	(110, 38.210169852127585)	(115, 38.166797141587885)	(120, 38.06064896352971)	(125, 37.85737065939903)	(130, 37.789737629291906)	(135, 37.63692660017815)	(140, 37.51350673887361)	(145, 37.32896745518467)	(150, 37.22698815687256)
SRR39146138_1	(1, 38.684963373216426)	(2, 38.63768602692244)	(3, 39.05587472796786)	(4, 38.98602494891268)	(5, 38.86435836298102)	(6, 38.80367039303598)	(7, 38.73159627470716)	(8, 38.68504626116162)	(9, 38.64355348873926)	(10, 38.67235220559081)	(15, 39.16679595033182)	(20, 39.32247895955893)	(25, 39.12463246731578)	(30, 39.058521329293)	(35, 39.10326438563347)	(40, 39.11071159839176)	(45, 39.05751160341527)	(50, 39.053109787056925)	(55, 39.043464644344326)	(60, 39.002871798184)	(65, 38.99443136537258)	(70, 38.93048650917957)	(75, 38.894775798872935)	(80, 38.878165126422054)	(85, 38.82011040961356)	(90, 38.810738833002326)	(95, 38.77189309249183)	(100, 38.741315334808085)	(105, 38.65816164584601)	(110, 38.62824749407495)	(115, 38.52984794906159)	(120, 38.521411893881904)	(125, 38.41696863355096)	(130, 38.316155721690265)	(135, 38.154583003665365)	(140, 38.061466398985246)	(145, 37.81042809291344)	(150, 37.729495370295616)
SRR39146138_2	(1, 37.79719042159823)	(2, 38.553428098295775)	(3, 38.859771179036166)	(4, 38.87125062121106)	(5, 38.895478659942334)	(6, 38.903949736175925)	(7, 38.890844470279646)	(8, 38.89652067982468)	(9, 38.96582684313546)	(10, 39.013133469326974)	(15, 39.088118784525435)	(20, 39.103557184608675)	(25, 38.83451927682959)	(30, 38.76365840837204)	(35, 38.72024091327445)	(40, 38.7247563327646)	(45, 38.7218563311499)	(50, 38.69734719104954)	(55, 38.6788121547457)	(60, 38.67076161821669)	(65, 38.63143225704593)	(70, 38.58950717554842)	(75, 38.563531169993844)	(80, 38.516555664996346)	(85, 38.485950780348745)	(90, 38.427017307792354)	(95, 38.38629133856855)	(100, 38.29325582772225)	(105, 38.21392015127947)	(110, 38.1505643377307)	(115, 38.104879516451106)	(120, 37.993516296810604)	(125, 37.787575994072256)	(130, 37.7139423623782)	(135, 37.558806772411586)	(140, 37.42837444539532)	(145, 37.23710638542177)	(150, 37.13565993695493)
SRR39146893_1	(1, 38.64582723363939)	(2, 38.59428673879932)	(3, 39.02376495590127)	(4, 38.95053079673791)	(5, 38.82559206782092)	(6, 38.762640759004796)	(7, 38.68739575691582)	(8, 38.64200498721943)	(9, 38.597829770015494)	(10, 38.6243602312017)	(15, 39.134462640265546)	(20, 39.296673021314106)	(25, 39.08601226408577)	(30, 39.017874049681396)	(35, 39.06518955381493)	(40, 39.073925165390804)	(45, 39.01975486632212)	(50, 39.018091829316035)	(55, 39.01116408478273)	(60, 38.97150368284442)	(65, 38.96433118295134)	(70, 38.89869422686584)	(75, 38.864530457896485)	(80, 38.851166206653794)	(85, 38.791883925428564)	(90, 38.78045921237462)	(95, 38.74294946657149)	(100, 38.710885280794265)	(105, 38.627346805843864)	(110, 38.599977629886475)	(115, 38.49812642074894)	(120, 38.49295563480131)	(125, 38.38394121923697)	(130, 38.28370468818365)	(135, 38.118499425943405)	(140, 38.028173019669254)	(145, 37.774237606792624)	(150, 37.69463561387868)
SRR39146893_2	(1, 37.59099496014501)	(2, 38.347737246567995)	(3, 38.692421630583894)	(4, 38.75491731282301)	(5, 38.78017086819069)	(6, 38.80033357786938)	(7, 38.80235511239337)	(8, 38.81886705244147)	(9, 38.884327597153735)	(10, 38.93598833135402)	(15, 39.01913565828994)	(20, 39.0367800853354)	(25, 38.72644106297516)	(30, 38.65135207597943)	(35, 38.61386363112999)	(40, 38.619762268197924)	(45, 38.6167457570803)	(50, 38.590844948795464)	(55, 38.57404598045247)	(60, 38.56747393717288)	(65, 38.5257984156696)	(70, 38.48253017498035)	(75, 38.455938195981936)	(80, 38.40727020465364)	(85, 38.37744969191748)	(90, 38.31978759906177)	(95, 38.27836110955763)	(100, 38.1792211252825)	(105, 38.09722158255395)	(110, 38.03556379265537)	(115, 37.984606894600574)	(120, 37.87279062231682)	(125, 37.6616445487652)	(130, 37.583385914065865)	(135, 37.42869896406636)	(140, 37.29581251213085)	(145, 37.09872983811275)	(150, 36.99635169766134)
SRR39146894_1	(1, 38.66987378797186)	(2, 38.626729768355425)	(3, 39.05406956583885)	(4, 38.982143702005224)	(5, 38.868289165544915)	(6, 38.80720999411292)	(7, 38.73785656150628)	(8, 38.70139615181377)	(9, 38.65655607634567)	(10, 38.689392963324586)	(15, 39.17218077128619)	(20, 39.32512125022633)	(25, 39.12349678166614)	(30, 39.0582870275084)	(35, 39.10101382057941)	(40, 39.110373349883986)	(45, 39.06081258562877)	(50, 39.0538939713559)	(55, 39.048024532122355)	(60, 39.0100140359801)	(65, 39.00086236135452)	(70, 38.938170100268124)	(75, 38.90644626990485)	(80, 38.89152545012057)	(85, 38.836252475161544)	(90, 38.82667159619497)	(95, 38.79193031957358)	(100, 38.760625073239225)	(105, 38.68119184655486)	(110, 38.65383184652291)	(115, 38.558791472368526)	(120, 38.551500508357606)	(125, 38.44960069024044)	(130, 38.35434383739424)	(135, 38.197818803502074)	(140, 38.10784791154158)	(145, 37.86575270763059)	(150, 37.79341935919193)
SRR39146894_2	(1, 37.85202192176144)	(2, 38.55049868553675)	(3, 38.84867832013014)	(4, 38.861891824934936)	(5, 38.90116821436421)	(6, 38.90973433449072)	(7, 38.91025736489696)	(8, 38.91758338392288)	(9, 38.97405549592166)	(10, 39.02543528806299)	(15, 39.10219539018567)	(20, 39.113011100022774)	(25, 38.8343793076395)	(30, 38.76523005652122)	(35, 38.724994006111466)	(40, 38.72922025149778)	(45, 38.72055176114519)	(50, 38.69702561391692)	(55, 38.679200258560684)	(60, 38.67036471788599)	(65, 38.63350217367045)	(70, 38.59027582667252)	(75, 38.56784365143896)	(80, 38.520965993241724)	(85, 38.48986357091225)	(90, 38.438360726884504)	(95, 38.39889732414051)	(100, 38.30475536450528)	(105, 38.23143608378787)	(110, 38.17296847104837)	(115, 38.12618000750209)	(120, 38.01974379894551)	(125, 37.81745424332373)	(130, 37.74621542584357)	(135, 37.598310971121734)	(140, 37.47513204022383)	(145, 37.28807448751505)	(150, 37.194230934693266)
SRR39146895_1	(1, 38.68789453217235)	(2, 38.636425730166316)	(3, 39.06151313196277)	(4, 38.995700472488636)	(5, 38.87122609790325)	(6, 38.808690025107516)	(7, 38.73290014785474)	(8, 38.68707330597047)	(9, 38.64233613900048)	(10, 38.67455225306925)	(15, 39.17177401684913)	(20, 39.328839350649034)	(25, 39.13607842937086)	(30, 39.06905328914895)	(35, 39.11209552388239)	(40, 39.11889491386105)	(45, 39.06454645117419)	(50, 39.05848987012565)	(55, 39.047815366268956)	(60, 39.007146596249925)	(65, 38.99627207919766)	(70, 38.930390228013145)	(75, 38.89445167554533)	(80, 38.87826081531655)	(85, 38.81899346478623)	(90, 38.805490343313764)	(95, 38.76713378633108)	(100, 38.73185486150221)	(105, 38.64824178381522)	(110, 38.616365503130545)	(115, 38.51715109371109)	(120, 38.50774880989313)	(125, 38.396545859074635)	(130, 38.29683500858563)	(135, 38.133115776447255)	(140, 38.04143320608486)	(145, 37.791161647526465)	(150, 37.710406225287834)
SRR39146895_2	(1, 37.763419174535336)	(2, 38.47002117909102)	(3, 38.816921191965214)	(4, 38.838644364250115)	(5, 38.86301950733612)	(6, 38.860962660863635)	(7, 38.86802588677401)	(8, 38.873048902470124)	(9, 38.94059135470374)	(10, 38.99503063623668)	(15, 39.0727743663996)	(20, 39.093336857195304)	(25, 38.81434899958428)	(30, 38.74101939806614)	(35, 38.70182815463629)	(40, 38.70213895018783)	(45, 38.693313642053134)	(50, 38.66848175805927)	(55, 38.64491642265246)	(60, 38.63706168894696)	(65, 38.59401703439414)	(70, 38.548087955141085)	(75, 38.51910887882773)	(80, 38.468313315944656)	(85, 38.43286455004309)	(90, 38.37558424932004)	(95, 38.33048289953345)	(100, 38.23217735914903)	(105, 38.150227151091826)	(110, 38.0825342919599)	(115, 38.03566405420698)	(120, 37.9194453471505)	(125, 37.70889535056283)	(130, 37.63095432950113)	(135, 37.47170571366617)	(140, 37.34025242875192)	(145, 37.142704651025184)	(150, 37.03801403911147)
SRR39146896_1	(1, 38.59946009616382)	(2, 38.54964735397827)	(3, 38.984104665419544)	(4, 38.904955646295406)	(5, 38.772503223564485)	(6, 38.70369994497469)	(7, 38.629139417017164)	(8, 38.5758038948644)	(9, 38.53322451688911)	(10, 38.569581461889)	(15, 39.09426066118258)	(20, 39.26697582254146)	(25, 39.04562925696198)	(30, 38.97408287610873)	(35, 39.024996659894256)	(40, 39.03575423156267)	(45, 38.97721916290594)	(50, 38.975582812206206)	(55, 38.96690286437208)	(60, 38.926439830922625)	(65, 38.91741487637371)	(70, 38.850271145211295)	(75, 38.815422968909026)	(80, 38.79911656154906)	(85, 38.73572570404857)	(90, 38.72578563859365)	(95, 38.68451134420353)	(100, 38.64983473446773)	(105, 38.561963567308766)	(110, 38.53063014133722)	(115, 38.427599288128114)	(120, 38.42079087012487)	(125, 38.30708131412139)	(130, 38.2048310307979)	(135, 38.03135537364464)	(140, 37.93303577582236)	(145, 37.66887527766371)	(150, 37.587086203277835)
SRR39146896_2	(1, 37.58927740185944)	(2, 38.34224496591977)	(3, 38.67816124000784)	(4, 38.71996888069767)	(5, 38.74366656845232)	(6, 38.7559577114733)	(7, 38.76071794764275)	(8, 38.7677528013952)	(9, 38.840428595230705)	(10, 38.89635599482624)	(15, 38.985118719290824)	(20, 39.009480011892784)	(25, 38.68966993956137)	(30, 38.61080106553276)	(35, 38.570478818376536)	(40, 38.5755598831331)	(45, 38.570637448306435)	(50, 38.54736140568601)	(55, 38.52764275968792)	(60, 38.520012196125656)	(65, 38.475954562071436)	(70, 38.431135272386456)	(75, 38.40145782511497)	(80, 38.35139411217982)	(85, 38.31986485229595)	(90, 38.25852440708384)	(95, 38.21248505874237)	(100, 38.11385284040584)	(105, 38.027876756678154)	(110, 37.95792800583309)	(115, 37.90938697963216)	(120, 37.788913614717075)	(125, 37.56975673101008)	(130, 37.49123295291444)	(135, 37.32770779974355)	(140, 37.189604654155744)	(145, 36.988568072693184)	(150, 36.88177676227659)
SRR39146897_1	(1, 38.66423984650982)	(2, 38.62595473950234)	(3, 39.04980303351878)	(4, 38.98692013141114)	(5, 38.86195552066598)	(6, 38.80249579469726)	(7, 38.72823401936808)	(8, 38.6910386125178)	(9, 38.6491831871091)	(10, 38.67741293087742)	(15, 39.16334462836371)	(20, 39.3177978581171)	(25, 39.11419217935024)	(30, 39.045100721189684)	(35, 39.08652642956219)	(40, 39.093821527221124)	(45, 39.037642457399045)	(50, 39.03171054420682)	(55, 39.02337951879858)	(60, 38.98358154281358)	(65, 38.974268593177456)	(70, 38.90770174186393)	(75, 38.87423188464972)	(80, 38.85844521473719)	(85, 38.80046214996416)	(90, 38.78994486787434)	(95, 38.74882669453382)	(100, 38.718308850067814)	(105, 38.6325281467355)	(110, 38.60255434345085)	(115, 38.502274349444384)	(120, 38.49413553343114)	(125, 38.38734823065282)	(130, 38.287412595762845)	(135, 38.124556464302394)	(140, 38.03558762726168)	(145, 37.78224971274518)	(150, 37.706295570286045)
SRR39146897_2	(1, 37.717279239420876)	(2, 38.47864414953506)	(3, 38.79295080710612)	(4, 38.806489435994465)	(5, 38.85140441896718)	(6, 38.86164428781797)	(7, 38.86277982548619)	(8, 38.87002022628323)	(9, 38.93119635518601)	(10, 38.984282741175605)	(15, 39.06562729789414)	(20, 39.07545670916715)	(25, 38.776874012712014)	(30, 38.7022224259445)	(35, 38.66309776062573)	(40, 38.667946675952294)	(45, 38.66132850973778)	(50, 38.634485678088936)	(55, 38.61441516535979)	(60, 38.60571281759329)	(65, 38.56743787957985)	(70, 38.52341021837529)	(75, 38.496511919486224)	(80, 38.44715770838637)	(85, 38.41580015153342)	(90, 38.35836829246026)	(95, 38.315280107637264)	(100, 38.2191591551569)	(105, 38.1371938275747)	(110, 38.073967259691074)	(115, 38.02523435871974)	(120, 37.91437321825936)	(125, 37.705752222445206)	(130, 37.62879412293775)	(135, 37.46942195046698)	(140, 37.338884499872314)	(145, 37.14644776623023)	(150, 37.04425399835986)
SRR39146898_1	(1, 38.69753746007122)	(2, 38.6412675366569)	(3, 39.059181567129805)	(4, 38.99652303808267)	(5, 38.87283491233288)	(6, 38.80926211222477)	(7, 38.73502475907956)	(8, 38.69681187124514)	(9, 38.64951455302799)	(10, 38.68341790947733)	(15, 39.171488948703015)	(20, 39.32911452483493)	(25, 39.129213200544264)	(30, 39.06379058603136)	(35, 39.10487129813559)	(40, 39.11322627862721)	(45, 39.05996142941727)	(50, 39.05444229192092)	(55, 39.046159870311925)	(60, 39.004628506352454)	(65, 38.996098102377594)	(70, 38.931031434351056)	(75, 38.89696766157692)	(80, 38.88092158522946)	(85, 38.823473308475606)	(90, 38.81189761693973)	(95, 38.77270307153187)	(100, 38.74097072638836)	(105, 38.65661687289064)	(110, 38.628093655596274)	(115, 38.528349961107054)	(120, 38.52179634958156)	(125, 38.41166354897807)	(130, 38.31434984855336)	(135, 38.15125948123677)	(140, 38.059654547597006)	(145, 37.80985981237774)	(150, 37.7310742703179)
SRR39146898_2	(1, 37.771882813762076)	(2, 38.55753742728859)	(3, 38.86872907034114)	(4, 38.89035868383578)	(5, 38.90358137458651)	(6, 38.91015611269429)	(7, 38.9100162401495)	(8, 38.91462001383063)	(9, 38.97227809940166)	(10, 39.019708369386635)	(15, 39.094116046495245)	(20, 39.106687892811)	(25, 38.83709536448181)	(30, 38.764016840800096)	(35, 38.72070632721106)	(40, 38.72566495462429)	(45, 38.7181366791526)	(50, 38.69461521663944)	(55, 38.676168140640385)	(60, 38.66685088075083)	(65, 38.62893493067294)	(70, 38.586063995696)	(75, 38.55945324405045)	(80, 38.5121604425509)	(85, 38.47830676999508)	(90, 38.42386713710952)	(95, 38.381394620334376)	(100, 38.28661683828676)	(105, 38.206568800809656)	(110, 38.1410429574447)	(115, 38.09814521356334)	(120, 37.98732135516826)	(125, 37.778908713677076)	(130, 37.70560187720611)	(135, 37.55241514171293)	(140, 37.4238880087158)	(145, 37.23213426015893)	(150, 37.13197466339982)
SRR39146899_1	(1, 38.65607249312306)	(2, 38.598855907092755)	(3, 39.02554772287036)	(4, 38.95117239671322)	(5, 38.81971802333295)	(6, 38.752597316445396)	(7, 38.674569030329295)	(8, 38.626694911506384)	(9, 38.578950813292174)	(10, 38.609073581050595)	(15, 39.126372248118244)	(20, 39.29210783750077)	(25, 39.08050265790428)	(30, 39.013383985352775)	(35, 39.058774798998755)	(40, 39.06923765467588)	(45, 39.015166152186026)	(50, 39.00882548050133)	(55, 39.0026825816609)	(60, 38.962661530705205)	(65, 38.95199002290839)	(70, 38.88565731166913)	(75, 38.85181427396315)	(80, 38.83487196950265)	(85, 38.776917361731485)	(90, 38.76477272928294)	(95, 38.72731299586941)	(100, 38.690988510423765)	(105, 38.60694195066292)	(110, 38.577023235655716)	(115, 38.47475565854996)	(120, 38.46555771765185)	(125, 38.355054352152415)	(130, 38.25124695955209)	(135, 38.08302638445413)	(140, 37.9902630484968)	(145, 37.72833290582793)	(150, 37.6487462298446)
SRR39146899_2	(1, 37.60842038227828)	(2, 38.44662432889022)	(3, 38.76362872482509)	(4, 38.7913952007359)	(5, 38.81848459653809)	(6, 38.83045003051504)	(7, 38.83565306609823)	(8, 38.83989244553729)	(9, 38.90365561344077)	(10, 38.95211102167895)	(15, 39.03293501623047)	(20, 39.049454267240996)	(25, 38.7537629025553)	(30, 38.67716935405408)	(35, 38.64001928196782)	(40, 38.64495254690029)	(45, 38.641615793523734)	(50, 38.619065178358206)	(55, 38.599291874154204)	(60, 38.5914400445785)	(65, 38.55401392193457)	(70, 38.509849282233176)	(75, 38.48187052777754)	(80, 38.43145808825481)	(85, 38.4027763380182)	(90, 38.342089086229315)	(95, 38.298380403152336)	(100, 38.20202274918405)	(105, 38.11926923110942)	(110, 38.0522796062233)	(115, 38.0075301391309)	(120, 37.89096179870687)	(125, 37.67814052839668)	(130, 37.600323636331474)	(135, 37.439797539337874)	(140, 37.305603976684736)	(145, 37.10720597210306)	(150, 36.99967937094791)
SRR39146900_1	(1, 38.69908669617169)	(2, 38.650386222025595)	(3, 39.0665143266289)	(4, 38.99686048858705)	(5, 38.87390349821291)	(6, 38.81400372768595)	(7, 38.740327644373245)	(8, 38.701007751630605)	(9, 38.658185624107944)	(10, 38.68843052185904)	(15, 39.176275437132645)	(20, 39.333068456529936)	(25, 39.13905197593601)	(30, 39.07530971685108)	(35, 39.11749083797783)	(40, 39.126733731781464)	(45, 39.07441727764124)	(50, 39.0712627739142)	(55, 39.06226663018663)	(60, 39.025709854916315)	(65, 39.016925038618425)	(70, 38.95611802538762)	(75, 38.92271953024586)	(80, 38.909426672384136)	(85, 38.85149871215267)	(90, 38.8402631623171)	(95, 38.804707888732864)	(100, 38.77250568206815)	(105, 38.69100534795102)	(110, 38.66326110776585)	(115, 38.56735229124665)	(120, 38.55912804399206)	(125, 38.454272328021254)	(130, 38.36101379009665)	(135, 38.202594727728055)	(140, 38.11390284111904)	(145, 37.86914496793552)	(150, 37.79361474699903)
SRR39146900_2	(1, 37.94617645953671)	(2, 38.58444269848814)	(3, 38.922069989182496)	(4, 38.89710948562201)	(5, 38.95003084375951)	(6, 38.97699661653305)	(7, 38.96845552918998)	(8, 38.97033882063358)	(9, 39.031144927528025)	(10, 39.07609822949079)	(15, 39.15158056565586)	(20, 39.157814347191405)	(25, 38.909268290103924)	(30, 38.84376433970469)	(35, 38.8025186332372)	(40, 38.80746881589231)	(45, 38.80016835198026)	(50, 38.77399977756995)	(55, 38.7556170857245)	(60, 38.74790907255921)	(65, 38.707973701895014)	(70, 38.666917419728335)	(75, 38.6405667472362)	(80, 38.59693986854724)	(85, 38.56515593611613)	(90, 38.51112038847087)	(95, 38.46958012268396)	(100, 38.37994912054218)	(105, 38.303002295863315)	(110, 38.24227911874649)	(115, 38.199596415968365)	(120, 38.092412548453595)	(125, 37.89157135501252)	(130, 37.82020997925434)	(135, 37.670866440573505)	(140, 37.54659760383547)	(145, 37.36156797702135)	(150, 37.257206743067044)
