Sample	0	1	2	3	4	5	6	7	8	9	10	11	12	13	14	15	16	17	18	19	20	21	22	23	24	25	26	27	28	29	30	31	32	33	34	35	36	37	38	39	40	41	42	43	44	45	46	47	48	49	50	51	52	53	54	55	56	57	58	59	60	61	62	63	64	65	66	67	68	69	70	71	72	73
SRR39139285_1 - illumina_universal_adapter	(1, 0.000187284575916552)	(2, 0.0002621984062831728)	(3, 0.000561853727749656)	(4, 0.0007678667612578631)	(5, 0.0010862505403160016)	(6, 0.0011986212858659327)	(7, 0.0013484489465991744)	(8, 0.0014608196921491055)	(9, 0.001610647352882347)	(10, 0.0017417465560239335)	(12, 0.002032037648694589)	(14, 0.0023129645125694173)	(16, 0.0027718117235649696)	(18, 0.0031557451041939006)	(20, 0.006171026776450388)	(22, 0.006461317869121044)	(24, 0.006667330902629251)	(26, 0.006845251249749975)	(28, 0.0070231715968706995)	(30, 0.007154270800012286)	(32, 0.007388376519907976)	(34, 0.00752883995184539)	(36, 0.007734852985353598)	(38, 0.007987687162840942)	(40, 0.008156243281165838)	(42, 0.008268614026715769)	(44, 0.008409077458653184)	(46, 0.008549540890590599)	(48, 0.008680640093732185)	(50, 0.009073937703156943)	(52, 0.009205036906298529)	(54, 0.009354864567031773)	(56, 0.009570241829335807)	(58, 0.009926082523577255)	(60, 0.010178916701064602)	(62, 0.01053475739530605)	(64, 0.0108905980895475)	(66, 0.011358809529338878)	(68, 0.011667829079601188)	(70, 0.012089219375413431)	(72, 0.012613616187979775)	(74, 0.013194198373321087)	(76, 0.013606224440337503)	(78, 0.014111892795312192)	(80, 0.014758024582224296)	(82, 0.015479070199503021)	(84, 0.016125201986415125)	(86, 0.016977346806835436)	(88, 0.018044868889559786)	(90, 0.01888764948118427)	(92, 0.019880257733541993)	(94, 0.02094777981626634)	(96, 0.022221314932498893)	(98, 0.023569763879098066)	(100, 0.024899484368105587)	(102, 0.026088741425175692)	(104, 0.02750273997334566)	(106, 0.029094658868636353)	(108, 0.03104241845816849)	(110, 0.03299954227649646)	(112, 0.03547169867859495)	(114, 0.03841206652048482)	(116, 0.04144607665033295)	(118, 0.044348987577039506)	(120, 0.04805722218018724)	(122, 0.05198083404563901)	(124, 0.05610109471580314)	(126, 0.06109222866397926)	(128, 0.0662612829592761)	(130, 0.07209519749907668)	(132, 0.07794784049646894)	(134, 0.08523321049962282)	(136, 0.09270586507869323)	(138, 0.10171425318027938)
SRR39139285_2 - illumina_universal_adapter	(1, 0.000187284575916552)	(2, 0.0002621984062831728)	(3, 0.0005431252701580008)	(4, 0.000749138303666208)	(5, 0.0011049789979076566)	(6, 0.001217349743457588)	(7, 0.0013671774041908295)	(8, 0.0014795481497407606)	(9, 0.0016481042680656574)	(10, 0.0017792034712072438)	(12, 0.0020694945638778995)	(14, 0.0023691498853443825)	(16, 0.0027905401811566246)	(18, 0.003174473561785556)	(20, 0.005899464141371387)	(22, 0.006171026776450388)	(24, 0.006423860953937733)	(26, 0.006667330902629251)	(28, 0.006901436622524941)	(30, 0.007154270800012286)	(32, 0.007435197663887114)	(34, 0.007688031841374459)	(36, 0.008006415620432597)	(38, 0.008296706713103254)	(40, 0.008512083975407288)	(42, 0.00869936855132384)	(44, 0.008942838500015357)	(46, 0.009195672677502702)	(48, 0.009439142626194219)	(50, 0.009879261379598117)	(52, 0.010122731328289634)	(54, 0.01033810859059367)	(56, 0.010590942768081014)	(58, 0.011012333063893258)	(60, 0.01134944530054305)	(62, 0.011798928282742776)	(64, 0.012276503951329983)	(66, 0.012857086136671293)	(68, 0.013259747974891881)	(70, 0.013737323643479089)	(72, 0.014336634286412055)	(74, 0.015029587217303297)	(76, 0.015469705970707194)	(78, 0.016059652384844334)	(80, 0.01677133377332723)	(82, 0.017501743619401783)	(84, 0.018204060779088854)	(86, 0.019177940573854923)	(88, 0.020385926088516686)	(90, 0.021359805883282755)	(92, 0.02243669219480293)	(94, 0.02363531348066886)	(96, 0.024974398198472206)	(98, 0.026416489433029655)	(100, 0.02783985220999545)	(102, 0.02906656618224887)	(104, 0.030518021645602147)	(106, 0.032072483625709525)	(108, 0.03406706435922081)	(110, 0.03605228086393626)	(112, 0.038561894181218054)	(114, 0.04155844739588288)	(116, 0.044648642898505994)	(118, 0.047663924570762475)	(120, 0.05135343071631855)	(122, 0.055220857208995354)	(124, 0.05935984633675115)	(126, 0.06449144371686469)	(128, 0.06961367686818237)	(130, 0.07548504832316627)	(132, 0.0814313336085168)	(134, 0.08863242555250822)	(136, 0.09623617933472023)	(138, 0.10516965360593977)
SRR39146138_1 - illumina_universal_adapter	(1, 0.000538233410300711)	(2, 0.0010047023658946606)	(3, 0.0015967591172254426)	(4, 0.0018838169360524885)	(5, 0.0024220503463531994)	(6, 0.0029244015293005297)	(7, 0.0033370471438644083)	(8, 0.00394704500887188)	(9, 0.004539101760202663)	(10, 0.004996600158958267)	(12, 0.005794979717570988)	(14, 0.0065395359351536385)	(16, 0.0071674749138378015)	(18, 0.00784026667671369)	(20, 0.010692903751307459)	(22, 0.012325545095886282)	(24, 0.012845837392510303)	(26, 0.013150836325014039)	(28, 0.013608334723769643)	(30, 0.013958186440465106)	(32, 0.014397743725544018)	(34, 0.014774507112754517)	(36, 0.01519612328415674)	(38, 0.015545975000852204)	(40, 0.016012443956446153)	(42, 0.0164789129120401)	(44, 0.01687361741292729)	(46, 0.017358027482197932)	(48, 0.017905231449336985)	(50, 0.018407582632284314)	(52, 0.018847139917363233)	(54, 0.01941228499817898)	(56, 0.019968459522156378)	(58, 0.020802721308122482)	(60, 0.021385807502614915)	(62, 0.02212139316335922)	(64, 0.023027419404032086)	(66, 0.0238437400763215)	(68, 0.024884324669569538)	(70, 0.02579932146708075)	(72, 0.027117993322317492)	(74, 0.028320047938655744)	(76, 0.0294234264297722)	(78, 0.031109891115381094)	(80, 0.03254518020951633)	(82, 0.03418679211093349)	(84, 0.036312814081621306)	(86, 0.03826839547238055)	(88, 0.040511034681966845)	(90, 0.04278058556206818)	(92, 0.0456242520798236)	(94, 0.048790858643759455)	(96, 0.052020259105563724)	(98, 0.05515995399898453)	(100, 0.05931332181513835)	(102, 0.06367301243857411)	(104, 0.06829284921032189)	(106, 0.07319077324405834)	(108, 0.07867178347228726)	(110, 0.08443088096250487)	(112, 0.09069232963566981)	(114, 0.09762657007171063)	(116, 0.10562830677151452)	(118, 0.1146347458372131)	(120, 0.1243229472226259)	(122, 0.13486335150768147)	(124, 0.1460855181124513)	(126, 0.15937988334687886)	(128, 0.17323939366212218)	(130, 0.18905448536812475)	(132, 0.20572177997377009)	(134, 0.22436259708385137)	(136, 0.24474370222057162)	(138, 0.26747509324893837)
SRR39146138_2 - illumina_universal_adapter	(1, 0.0005202922966240206)	(2, 0.0009508790248645894)	(3, 0.0015249946625186812)	(4, 0.0018120524813457271)	(5, 0.0023502858916464382)	(6, 0.0029244015293005297)	(7, 0.0033549882575410984)	(8, 0.003982927236225261)	(9, 0.004557042873879353)	(10, 0.005014541272634957)	(12, 0.005803950274409333)	(14, 0.0065395359351536385)	(16, 0.0071854160275144924)	(18, 0.007867178347228726)	(20, 0.010639080410277387)	(22, 0.012469074005299806)	(24, 0.013016277972438862)	(26, 0.013393041359649359)	(28, 0.01394921588362676)	(30, 0.014406714282382365)	(32, 0.014927006579006384)	(34, 0.015357593307246955)	(36, 0.01586891504703263)	(38, 0.016281560661596507)	(40, 0.01681979407189722)	(42, 0.017366998039036276)	(44, 0.017797584767276844)	(46, 0.018371700404930937)	(48, 0.019026551054130134)	(50, 0.019546843350754156)	(52, 0.020129929545246592)	(54, 0.020802721308122482)	(56, 0.0214216897299683)	(58, 0.022300804300126126)	(60, 0.023009478290355396)	(62, 0.023825798962644806)	(64, 0.024794619101186088)	(66, 0.02568270422818226)	(68, 0.026830935503490444)	(70, 0.027889461210415176)	(72, 0.029235044736166955)	(74, 0.030553716591403695)	(76, 0.03181856510561037)	(78, 0.03360370591644106)	(80, 0.03516458280631312)	(82, 0.03682413582140698)	(84, 0.039066775030993275)	(86, 0.04111206199013598)	(88, 0.043417495097590686)	(90, 0.045848516000782234)	(92, 0.048701153075376)	(94, 0.05193055353718026)	(96, 0.05518686566949957)	(98, 0.058362442790273764)	(100, 0.062470957822235856)	(102, 0.06695623624140845)	(104, 0.07163886691102464)	(106, 0.07660855539946787)	(108, 0.08224206509394863)	(110, 0.08815366205041812)	(112, 0.09451378684880485)	(114, 0.10153773285322913)	(116, 0.10959329289406311)	(118, 0.1186266436302767)	(120, 0.128431462254588)	(122, 0.13906157210802703)	(124, 0.1502927092696352)	(126, 0.1635332511630327)	(128, 0.17717746811415572)	(130, 0.19275035478552294)	(132, 0.20924720881123976)	(134, 0.22794184926235111)	(136, 0.2483498660695864)	(138, 0.2711978743368516)
SRR39146894_1 - illumina_universal_adapter	(1, 0.00037929685948189244)	(2, 0.0006587787559422343)	(3, 0.0012576685340715383)	(4, 0.0014772614527189497)	(5, 0.002016262253035323)	(6, 0.002315707142099975)	(7, 0.0027149669941861775)	(8, 0.00311422684627238)	(9, 0.0037530426096103043)	(10, 0.004042506002372801)	(12, 0.004581506802689175)	(14, 0.005200359573422788)	(16, 0.005869119825667178)	(18, 0.0067375100039546686)	(20, 0.014612910586355016)	(22, 0.015441374779433886)	(24, 0.0158605976241244)	(26, 0.016140079520584737)	(28, 0.01635967243923215)	(30, 0.01666909882459896)	(32, 0.016938599224757142)	(34, 0.017238044113821797)	(36, 0.01761734097330369)	(38, 0.017856896884555412)	(40, 0.018196267758828683)	(42, 0.018435823670080405)	(44, 0.01866539808502997)	(46, 0.01885504651477092)	(48, 0.01911456541862695)	(50, 0.019364102826180826)	(52, 0.01980328866347565)	(54, 0.020022881582123057)	(56, 0.020312344974885557)	(58, 0.020631752856554518)	(60, 0.021040994204942876)	(62, 0.021360402086611836)	(64, 0.02179958792390666)	(66, 0.02234857022052519)	(68, 0.02279773755412217)	(70, 0.023246904887719147)	(72, 0.02382583167324414)	(74, 0.024324906488351894)	(76, 0.024963722251689816)	(78, 0.025622501007632054)	(80, 0.02672046560086911)	(82, 0.027778504208897548)	(84, 0.02871676486130012)	(86, 0.029844673943443645)	(88, 0.03102249050709794)	(90, 0.03207054761882422)	(92, 0.03359771655305395)	(94, 0.03519475596139876)	(96, 0.037081258762506064)	(98, 0.039017669045124145)	(100, 0.04110380177227456)	(102, 0.043479397892187466)	(104, 0.0456254195971508)	(106, 0.0483803125765456)	(108, 0.05151450241542229)	(110, 0.05480839619513346)	(112, 0.058521512819535146)	(114, 0.06285348221467044)	(116, 0.06700578467636695)	(118, 0.07214625527197681)	(120, 0.07829485699410432)	(122, 0.08538171936863442)	(124, 0.09250850772837314)	(126, 0.09995470396978082)	(128, 0.10833916086359108)	(130, 0.1173724150170414)	(132, 0.12776315266758484)	(134, 0.13915203994834374)	(136, 0.1521878741189583)	(138, 0.16587250554921287)
SRR39146894_2 - illumina_universal_adapter	(1, 0.0004192228446905127)	(2, 0.0006987047411508545)	(3, 0.0012975945192801584)	(4, 0.0015171874379275698)	(5, 0.0020561882382439433)	(6, 0.0023356701347042852)	(7, 0.002734929986790488)	(8, 0.0031741158240853108)	(9, 0.003812931587423235)	(10, 0.004162283957998662)	(12, 0.004701284758315036)	(14, 0.00530017453644434)	(16, 0.005968934788688729)	(18, 0.0067774359891632895)	(20, 0.014193687741664502)	(22, 0.015052096423649838)	(24, 0.01549128226094466)	(26, 0.015800708646311466)	(28, 0.016080190542771808)	(30, 0.016489431891160165)	(32, 0.016768913787620507)	(34, 0.017148210647102403)	(36, 0.01759737798069938)	(38, 0.01793674885497265)	(40, 0.018365953195965318)	(42, 0.018695342573936437)	(44, 0.019054676440814017)	(46, 0.01931419534467005)	(48, 0.019673529211547632)	(50, 0.020002918589518748)	(52, 0.020492011908324347)	(54, 0.020761512308482534)	(56, 0.021090901686453653)	(58, 0.021510124531144165)	(60, 0.021949310368438987)	(62, 0.02234857022052519)	(64, 0.02281770054672648)	(66, 0.023446534813762247)	(68, 0.023955591125172156)	(70, 0.02449459192548853)	(72, 0.025133407688826454)	(74, 0.025672408489142824)	(76, 0.026520835674826007)	(78, 0.027259466401185484)	(80, 0.02839735697963116)	(82, 0.02946537708396175)	(84, 0.030393656240062173)	(86, 0.03163136178152941)	(88, 0.032809178345183695)	(90, 0.03391712443472291)	(92, 0.035464256361556944)	(94, 0.037021369784693135)	(96, 0.038957780067311217)	(98, 0.040884208853627146)	(100, 0.042980323077079705)	(102, 0.04539584518220124)	(104, 0.04752190389456026)	(106, 0.050356648844372305)	(108, 0.05348085718694684)	(110, 0.05673482498144939)	(112, 0.060507830583664005)	(114, 0.06490967045291438)	(116, 0.06913184338872598)	(118, 0.07429227697694016)	(120, 0.08044087869906766)	(122, 0.08756766705880639)	(124, 0.09466451092963864)	(126, 0.10218057764516139)	(128, 0.11050514556115873)	(130, 0.11954838121091121)	(132, 0.13003893382447618)	(134, 0.1414278211052351)	(136, 0.1546333407129863)	(138, 0.1684277686025646)
SRR39146895_1 - illumina_universal_adapter	(1, 0.00030247742242352096)	(2, 0.0005104306503396916)	(3, 0.0008696225894676227)	(4, 0.0011910048507926137)	(5, 0.0016447209844278952)	(6, 0.0020984371180631767)	(7, 0.0024576290571911076)	(8, 0.0030247742242352094)	(9, 0.0033650613244616706)	(10, 0.003799872619195482)	(12, 0.004348112947338114)	(14, 0.005028687147791036)	(16, 0.0057281661871454274)	(18, 0.00648435974320423)	(20, 0.00808181863037845)	(22, 0.008743487991929902)	(24, 0.009102679931057834)	(26, 0.009329537997875476)	(28, 0.009575300903594585)	(30, 0.009858873487116636)	(32, 0.010180255748441627)	(34, 0.010397661395808533)	(36, 0.010662329140429114)	(38, 0.010908092046148225)	(40, 0.01118221221021954)	(42, 0.011465784793741591)	(44, 0.011862786410672461)	(46, 0.012278692866504803)	(48, 0.01268514690288641)	(50, 0.01310105335871875)	(52, 0.013516959814551092)	(54, 0.014027390464890783)	(56, 0.014500011437427535)	(58, 0.015095513862823842)	(60, 0.01572882596602309)	(62, 0.01627706629416572)	(64, 0.01678749694450541)	(66, 0.017430261467155393)	(68, 0.018110835667608315)	(70, 0.018923743740371528)	(72, 0.01973665181313474)	(74, 0.020662988919306777)	(76, 0.02165549296163395)	(78, 0.02261018732615819)	(80, 0.02379173975750007)	(82, 0.02480314863872872)	(84, 0.026173749459085297)	(86, 0.027497088182188198)	(88, 0.028877141421995517)	(90, 0.030134313208943275)	(92, 0.031779034193371164)	(94, 0.033650613244616705)	(96, 0.03550328745696077)	(98, 0.03707238908578278)	(100, 0.03891561087867612)	(102, 0.041344882677515016)	(104, 0.04371743995964951)	(106, 0.0462506883724465)	(108, 0.04928491501613244)	(110, 0.05219626020695883)	(112, 0.05538172556185654)	(114, 0.05885076350027629)	(116, 0.06286804176683869)	(118, 0.06749972729769885)	(120, 0.07221648460361563)	(122, 0.07743422014042137)	(124, 0.08344595891108884)	(126, 0.09048801140188645)	(128, 0.0975489687315855)	(130, 0.10577257365372497)	(132, 0.11396782131751225)	(134, 0.12428986335771491)	(136, 0.13525466992056753)	(138, 0.14654085874474515)
SRR39146895_2 - illumina_universal_adapter	(1, 0.000321382261324991)	(2, 0.0005293354892411616)	(3, 0.0008885274283690928)	(4, 0.0011910048507926137)	(5, 0.0016447209844278952)	(6, 0.0021173419569646464)	(7, 0.002495438734994048)	(8, 0.00308148874093962)	(9, 0.003402871002264611)	(10, 0.003837682296998422)	(12, 0.004357565366788848)	(14, 0.005047591986692506)	(16, 0.005737618606596163)	(18, 0.00646545490430276)	(20, 0.008053461372026244)	(22, 0.008838012186437254)	(24, 0.009310633158974003)	(26, 0.009669825098101936)	(28, 0.010000659778877662)	(30, 0.010378756556907062)	(32, 0.010794663012739403)	(34, 0.01116330737131807)	(36, 0.011550856568798206)	(38, 0.011862786410672461)	(40, 0.012278692866504803)	(42, 0.012704051741787879)	(44, 0.013214482392127571)	(46, 0.013762722720270203)	(48, 0.01437712998456798)	(50, 0.015010442087767226)	(52, 0.01546415822140251)	(54, 0.016097470324601758)	(56, 0.016636258233293653)	(58, 0.017411356628253924)	(60, 0.018233717120467872)	(62, 0.018971005837625204)	(64, 0.01957596068247225)	(66, 0.020369963916333986)	(68, 0.02113560989184353)	(70, 0.022118661514719966)	(72, 0.023007188943089063)	(74, 0.024065859921571384)	(76, 0.025247412352913265)	(78, 0.026428964784255143)	(80, 0.027705041410104374)	(82, 0.02890549868034772)	(84, 0.030380076114662386)	(86, 0.03181684387117411)	(88, 0.03336704066109465)	(90, 0.03487942777321226)	(92, 0.03667538746885192)	(94, 0.038641490714604806)	(96, 0.04070211815486503)	(98, 0.042516982689406166)	(100, 0.044492538354609784)	(102, 0.04699742950905457)	(104, 0.04949286824404862)	(106, 0.052205712626409564)	(108, 0.055325011045152125)	(110, 0.058311975591584395)	(112, 0.061573060302087985)	(114, 0.06509881275721215)	(116, 0.06922006763773263)	(118, 0.07383284832969132)	(120, 0.07865358224956617)	(122, 0.08406981859483736)	(124, 0.09021389123781512)	(126, 0.09729375340641566)	(128, 0.10456266396403091)	(130, 0.11297531727518507)	(132, 0.12105713590556352)	(134, 0.13134136826796322)	(136, 0.14224000789466074)	(138, 0.15349783946048615)
SRR39146896_1 - illumina_universal_adapter	(1, 0.0003791772789836978)	(2, 0.0005576136455642615)	(3, 0.0010483136536608116)	(4, 0.0011375318369510935)	(5, 0.0013828818409993685)	(6, 0.0017620591199830663)	(7, 0.0019628000323862007)	(8, 0.002230454582257046)	(9, 0.00240889094883761)	(10, 0.002799220500732593)	(12, 0.003100331869337294)	(14, 0.00339029096503071)	(16, 0.003747163698191837)	(18, 0.0040594273397078235)	(20, 0.005185806903747632)	(22, 0.00554267963690876)	(24, 0.0058437910055134604)	(26, 0.006222968284497158)	(28, 0.006412556923989007)	(30, 0.006635602382214712)	(32, 0.0068140387487952755)	(34, 0.007003627388287125)	(36, 0.007193216027778973)	(38, 0.0073605001214482515)	(40, 0.00750547966929496)	(42, 0.007650459217141668)	(44, 0.007895809221189943)	(46, 0.008118854679415647)	(48, 0.008364204683463923)	(50, 0.008620706960423483)	(52, 0.008932970601939469)	(54, 0.009300995608011883)	(56, 0.00944597515585859)	(58, 0.009735934251552007)	(60, 0.010025893347245421)	(62, 0.010271243351293697)	(64, 0.010583506992809685)	(66, 0.010862313815591815)	(68, 0.011208034275841657)	(70, 0.011486841098623787)	(72, 0.01187717065051877)	(74, 0.012256347929502469)	(76, 0.012735895664687732)	(78, 0.013282357037340708)	(80, 0.013806513864171116)	(82, 0.014408736601380517)	(84, 0.015055568430235061)	(86, 0.015691247986178318)	(88, 0.016271166177565154)	(90, 0.017152195737556684)	(92, 0.017977463932991794)	(94, 0.018780427582604328)	(96, 0.019851045782087712)	(98, 0.020910511708659808)	(100, 0.022036891272699616)	(102, 0.02305174810762657)	(104, 0.024155823125843807)	(106, 0.025594466331399605)	(108, 0.027624180001253516)	(110, 0.029564675487817146)	(112, 0.03178397779716291)	(114, 0.034817396029032485)	(116, 0.037583159711031225)	(118, 0.041084973405174786)	(120, 0.045077487107414896)	(122, 0.049315350813703286)	(124, 0.053954696344797944)	(126, 0.05868326005918288)	(128, 0.06427054878773678)	(130, 0.07103997844488692)	(132, 0.07795438764988376)	(134, 0.08563830368575928)	(136, 0.09554152203098057)	(138, 0.10579046083645169)
SRR39146896_2 - illumina_universal_adapter	(1, 0.0003791772789836978)	(2, 0.000535309099741691)	(3, 0.0010260091078382412)	(4, 0.001115227291128523)	(5, 0.0013828818409993685)	(6, 0.0017620591199830663)	(7, 0.00194049548656363)	(8, 0.002230454582257046)	(9, 0.00240889094883761)	(10, 0.002776915954910022)	(12, 0.0030668750506034383)	(14, 0.0033679864192081395)	(16, 0.003736011425280552)	(18, 0.004037122793885253)	(20, 0.005118893266279921)	(22, 0.005486918272352334)	(24, 0.00582148645969089)	(26, 0.006200663738674588)	(28, 0.006457166015634149)	(30, 0.006724820565504994)	(32, 0.006959018296641984)	(34, 0.0072378251194241145)	(36, 0.00750547966929496)	(38, 0.007750829673343235)	(40, 0.008007331950302794)	(42, 0.00820807286270593)	(44, 0.008553793322955772)	(46, 0.008921818329028185)	(48, 0.009178320605987745)	(50, 0.009535193339148873)	(52, 0.010048197893067993)	(54, 0.010516593355341972)	(56, 0.010750791086478962)	(58, 0.011051902455083664)	(60, 0.011453384279889931)	(62, 0.01178795246722849)	(64, 0.01232326156697018)	(66, 0.01266898202722002)	(68, 0.013081616124937575)	(70, 0.013483097949743844)	(72, 0.014040711595308106)	(74, 0.014553716149227226)	(76, 0.015100177521880202)	(78, 0.015769313896557315)	(80, 0.016449602544145715)	(82, 0.01710758664591154)	(84, 0.017877093476790222)	(86, 0.018668904853491475)	(88, 0.019371498046902448)	(90, 0.02034174579018426)	(92, 0.021189318531441938)	(94, 0.022103804910167328)	(96, 0.02330825038458613)	(98, 0.024468086767359794)	(100, 0.025639075423044742)	(102, 0.026731998168350698)	(104, 0.02796990046150336)	(106, 0.029475457304526866)	(108, 0.0314828664285582)	(110, 0.0335237323713234)	(112, 0.035854557409782016)	(114, 0.03895488927911931)	(116, 0.04172065296111804)	(118, 0.045255923473995464)	(120, 0.04931535081370329)	(122, 0.05362012815745938)	(124, 0.05835984414475561)	(126, 0.06323338740698725)	(128, 0.06892104659174272)	(130, 0.07581315125091699)	(132, 0.08276101727464769)	(134, 0.09048954240216836)	(136, 0.10054889256814764)	(138, 0.11086474501108648)
SRR39146897_1 - illumina_universal_adapter	(1, 0.0003466702514938599)	(2, 0.0006933405029877198)	(3, 0.0010977891297305564)	(4, 0.0013096431723101374)	(5, 0.001617794506971346)	(6, 0.001964464758465206)	(7, 0.002349653926791717)	(8, 0.0027348430951182282)	(9, 0.003235589013942692)	(10, 0.003553370077812064)	(12, 0.004150413288718156)	(14, 0.004680048395167108)	(16, 0.005045978105077294)	(18, 0.005334869981322177)	(20, 0.006971923946709849)	(22, 0.0073763725734526855)	(24, 0.007694153637322057)	(26, 0.00795415632594245)	(28, 0.008252677931395499)	(30, 0.008551199536848544)	(32, 0.008994167080424031)	(34, 0.009215650852211776)	(36, 0.009485283270040333)	(38, 0.009880102167575008)	(40, 0.010149734585403565)	(42, 0.010400107544815797)	(44, 0.010611961587395378)	(46, 0.010785296713142307)	(48, 0.011054929130970866)	(50, 0.011324561548799423)	(52, 0.011719380446334096)	(54, 0.012133458802285096)	(56, 0.012663093908734048)	(58, 0.013000134431019746)	(60, 0.013414212786970746)	(62, 0.013857180330546233)	(64, 0.014242369498872743)	(66, 0.014617928937991093)	(68, 0.015147564044440044)	(70, 0.015542382941974717)	(72, 0.01613942615288081)	(74, 0.01682313692666037)	(76, 0.017535736888064413)	(78, 0.018296485495509274)	(80, 0.01932686652078269)	(82, 0.020347617816847942)	(84, 0.021397258300537687)	(86, 0.022446898784227426)	(88, 0.023583206830790633)	(90, 0.02522026079617831)	(92, 0.026741758011068026)	(94, 0.02857140656061895)	(96, 0.030410684839378043)	(98, 0.03204773880476572)	(100, 0.034060352209271734)	(102, 0.036410006136063454)	(104, 0.03911596004355719)	(106, 0.042014508535214184)	(108, 0.044874538110038525)	(110, 0.04815827577002203)	(112, 0.05177905395229124)	(114, 0.05560205644793186)	(116, 0.059848767028731646)	(118, 0.0653473424065926)	(120, 0.07053776644979233)	(122, 0.07624819587023285)	(124, 0.08333567656744065)	(126, 0.09132835181021576)	(128, 0.09956177028319493)	(130, 0.10867149411411692)	(132, 0.11907160165893271)	(134, 0.13062727670872804)	(136, 0.1428762922615111)	(138, 0.15713792121880016)
SRR39146897_2 - illumina_universal_adapter	(1, 0.00032741079307753435)	(2, 0.0007125999614040453)	(3, 0.0010977891297305564)	(4, 0.0013096431723101374)	(5, 0.0016370539653876718)	(6, 0.002002983675297857)	(7, 0.0023881728436243683)	(8, 0.0027733620119508792)	(9, 0.003254848472359018)	(10, 0.0035918889946447152)	(12, 0.0042274511223834585)	(14, 0.00475708622883241)	(16, 0.005123015938742596)	(18, 0.005411907814987479)	(20, 0.006914145571460872)	(22, 0.007366742844244522)	(24, 0.007732672554154708)	(26, 0.008002304971983266)	(28, 0.008416383327934266)	(30, 0.00881120222546894)	(32, 0.009292688685877078)	(34, 0.009639358937370938)	(36, 0.010043807564113775)	(38, 0.010525294024521913)	(40, 0.010910483192848423)	(42, 0.011266783173550447)	(44, 0.011584564237419818)	(46, 0.011863826384456539)	(48, 0.0122875344696157)	(50, 0.012720872283983026)	(52, 0.013173469556766676)	(54, 0.013616437100342164)	(56, 0.01419422085283193)	(58, 0.01471422623007272)	(60, 0.015224601878105346)	(62, 0.01571571806772165)	(64, 0.01620683425733795)	(66, 0.01672683963457874)	(68, 0.017304623387068507)	(70, 0.01779573957668481)	(72, 0.01846019089204804)	(74, 0.01925945841632555)	(76, 0.02008761512822755)	(78, 0.02100243940300301)	(80, 0.022158006907982544)	(82, 0.023371352788211053)	(84, 0.02440173381348447)	(86, 0.025499522943215027)	(88, 0.026809166115525168)	(90, 0.028590666019035278)	(92, 0.030246979442839272)	(94, 0.0321536658260555)	(96, 0.0339929441048146)	(98, 0.035774444008324705)	(100, 0.03789298443412052)	(102, 0.040271527548536724)	(104, 0.04300637064365495)	(106, 0.04595306778135276)	(108, 0.04887087573142608)	(110, 0.05216424312061775)	(112, 0.055785021302886956)	(114, 0.05975246973665002)	(116, 0.06404732896349061)	(118, 0.06937256921560463)	(120, 0.07480373648900843)	(122, 0.08067787130598772)	(124, 0.08788090875369348)	(126, 0.09592173264250939)	(128, 0.10416478084469674)	(130, 0.11335154250928402)	(132, 0.12373239059568349)	(134, 0.13518213862418904)	(136, 0.1473252271556823)	(138, 0.16153870746693055)
SRR39146898_1 - illumina_universal_adapter	(1, 0.0002914011349709956)	(2, 0.0004006765605851189)	(3, 0.0007831405502345506)	(4, 0.001056329114269859)	(5, 0.0013295176783051674)	(6, 0.0015298559585977267)	(7, 0.0019123199482471585)	(8, 0.0021490833704110924)	(9, 0.002458697076317775)	(10, 0.002786523353160145)	(12, 0.003260050197488013)	(14, 0.0036789393290088193)	(16, 0.003961234178511971)	(18, 0.004316379311757872)	(20, 0.007139327806789391)	(22, 0.007794980360474131)	(24, 0.00814101920825219)	(26, 0.008377782630416122)	(28, 0.008687396336322806)	(30, 0.00895147861489027)	(32, 0.009233773464393422)	(34, 0.009443218030153825)	(36, 0.009588918597639322)	(38, 0.009816575734335413)	(40, 0.010044232871031504)	(42, 0.010217252294920532)	(44, 0.010472228288020153)	(46, 0.010736310566587618)	(48, 0.011036817987026458)	(50, 0.011310006551061767)	(52, 0.011528557402290012)	(54, 0.011774427109921791)	(56, 0.012084040815828472)	(58, 0.012439185949074373)	(60, 0.01285807508059518)	(62, 0.013349814495858734)	(64, 0.013832447625654446)	(66, 0.014260443042643095)	(68, 0.014834139027117244)	(70, 0.015416941297059235)	(72, 0.01616365670542241)	(74, 0.017156241821417364)	(76, 0.017857425802441325)	(78, 0.018676991494547247)	(80, 0.019587620041331612)	(82, 0.020580205157326562)	(84, 0.0215272588459823)	(86, 0.022583587960252158)	(88, 0.023639917074522017)	(90, 0.024741777616131094)	(92, 0.026089507865371946)	(94, 0.027455450685548492)	(96, 0.0287940746493215)	(98, 0.030478737460872568)	(100, 0.032336419696312665)	(102, 0.03430337735736688)	(104, 0.03649799215511719)	(106, 0.03874724466567457)	(108, 0.0416157245880453)	(110, 0.04452973593775526)	(112, 0.047917274131793086)	(114, 0.05128659975489522)	(116, 0.055247833933407195)	(118, 0.05928191839566191)	(120, 0.06404450569534412)	(122, 0.06917134441374007)	(124, 0.07443477741415368)	(126, 0.08088202752538695)	(128, 0.08787565476469085)	(130, 0.09543387170300105)	(132, 0.10366595376593167)	(134, 0.11235335010225447)	(136, 0.12225188240580048)	(138, 0.13232343413323552)
SRR39146898_2 - illumina_universal_adapter	(1, 0.00027318856403530837)	(2, 0.00038246398964943167)	(3, 0.0007649279792988633)	(4, 0.0010199039723984844)	(5, 0.00131130510736948)	(6, 0.0015116433876620394)	(7, 0.0019123199482471585)	(8, 0.0021490833704110924)	(9, 0.002440484505382088)	(10, 0.0027592044967566145)	(12, 0.0032418376265523257)	(14, 0.0036880456144766627)	(16, 0.003979446749447658)	(18, 0.004307273026290028)	(20, 0.006847926671818396)	(22, 0.007521791796438823)	(24, 0.00789514950062041)	(26, 0.00814101920825219)	(28, 0.008477951770562403)	(30, 0.008842203189276147)	(32, 0.00917913575158636)	(34, 0.009434111744685982)	(36, 0.009652662595914229)	(38, 0.010016914014627972)	(40, 0.01036295286240603)	(42, 0.010581503713634276)	(44, 0.01091843627594449)	(46, 0.011300900265593921)	(48, 0.011747108253518258)	(50, 0.01207493453036063)	(52, 0.012320804237992406)	(54, 0.012612205372963401)	(56, 0.012930925364337929)	(58, 0.013368027066794422)	(60, 0.013868872767525822)	(62, 0.014460781322935655)	(64, 0.015025371021941958)	(66, 0.015526216722673358)	(68, 0.016163656705422413)	(70, 0.01676467154630009)	(72, 0.01759334352387386)	(74, 0.018667885209079405)	(76, 0.019460132044781798)	(78, 0.02035254802063047)	(80, 0.021345133136625425)	(82, 0.022437887392766656)	(84, 0.023548854219843582)	(86, 0.024796415328938157)	(88, 0.025934701012418605)	(90, 0.02710941183777043)	(92, 0.02854820494168972)	(94, 0.0300052106165447)	(96, 0.031462216291399676)	(98, 0.03318330424482212)	(100, 0.03515026190587634)	(102, 0.037171857279737625)	(104, 0.03947574750310205)	(106, 0.0417614251555308)	(108, 0.044730074218047824)	(110, 0.04775336099337189)	(112, 0.05127749346942738)	(114, 0.05469235051986873)	(116, 0.05875375383852698)	(118, 0.06283336972812092)	(120, 0.06765059474061019)	(122, 0.07269547688979555)	(124, 0.0778405281791272)	(126, 0.08416029029381066)	(128, 0.09094447296735414)	(130, 0.09848447733472865)	(132, 0.10677119711046634)	(134, 0.11544948716132131)	(136, 0.12534801946486732)	(138, 0.13551974033244862)
SRR39146899_1 - illumina_universal_adapter	(1, 0.00026534818103821897)	(2, 0.0005306963620764379)	(3, 0.0011940668146719854)	(4, 0.0014373026472903527)	(5, 0.0018132125704278298)	(6, 0.0021448977967256032)	(7, 0.0025208077198630805)	(8, 0.0028746052945807054)	(9, 0.003316852262977737)	(10, 0.0037038183603251397)	(12, 0.004112896806092394)	(14, 0.004687817865008536)	(16, 0.005240626575504824)	(18, 0.005760266763371337)	(20, 0.010238017318391282)	(22, 0.010945612467826533)	(24, 0.011199904474654826)	(26, 0.011664263791471709)	(28, 0.012095454585658815)	(30, 0.012393971289326813)	(32, 0.012548757728265771)	(34, 0.012692487992994808)	(36, 0.012946779999823101)	(38, 0.013112622612971988)	(40, 0.013466420187689614)	(42, 0.013853386285037017)	(44, 0.014107678291865308)	(46, 0.014361970298693603)	(48, 0.014638374653941747)	(50, 0.015058509273918927)	(52, 0.01536808215179685)	(54, 0.01563343033283507)	(56, 0.016020396430182472)	(58, 0.016307856959640543)	(60, 0.01691594654118646)	(62, 0.017313968812743788)	(64, 0.017977339265339336)	(66, 0.018397473885316516)	(68, 0.0189060578989731)	(70, 0.01938147338999991)	(72, 0.020078012365225238)	(74, 0.020663989598351303)	(76, 0.021305247702527)	(78, 0.021924393458282843)	(80, 0.02264304478192802)	(82, 0.023361696105573197)	(84, 0.02403612273237867)	(86, 0.024710549359184146)	(88, 0.02560609947018813)	(90, 0.02663432367171123)	(92, 0.027750997266913734)	(94, 0.028878727036326164)	(96, 0.030282861160986742)	(98, 0.03179755702774657)	(100, 0.03344492698502552)	(102, 0.03507018459388461)	(104, 0.03660699280906429)	(106, 0.03861921651527079)	(108, 0.0405098223051681)	(110, 0.04285373123767236)	(112, 0.04554038157068434)	(114, 0.04866927887209333)	(116, 0.05168761443140307)	(118, 0.055358264269098435)	(120, 0.05960383516570994)	(122, 0.06408158572072989)	(124, 0.06900158324414686)	(126, 0.07419798512281198)	(128, 0.08043366737721014)	(130, 0.08639294527636013)	(132, 0.09291608806021634)	(134, 0.1004011180003361)	(136, 0.10891437214197897)	(138, 0.1187875357114427)
SRR39146899_2 - illumina_universal_adapter	(1, 0.00026534818103821897)	(2, 0.0005528087104962895)	(3, 0.0012382915115116886)	(4, 0.0015036396925499076)	(5, 0.0019016619641072361)	(6, 0.0022333471904050096)	(7, 0.002609257113542487)	(8, 0.002963054688260112)	(9, 0.0034053016566571435)	(10, 0.003748043057164843)	(12, 0.004135009154512245)	(14, 0.004687817865008536)	(16, 0.005251682749714751)	(18, 0.005749210589161412)	(20, 0.009795770349994251)	(22, 0.010591814893108908)	(24, 0.010879275422566979)	(26, 0.011376803262013638)	(28, 0.011841162578830522)	(30, 0.012183903979338221)	(32, 0.012382915115116886)	(34, 0.012581926250895551)	(36, 0.012957836174033028)	(38, 0.013156847309811691)	(40, 0.013532757232949168)	(42, 0.014008172723975977)	(44, 0.014406194995533306)	(46, 0.014748936396041006)	(48, 0.015146958667598333)	(50, 0.0157329359007244)	(52, 0.016086733475442025)	(54, 0.016517924269629135)	(56, 0.016949115063816238)	(58, 0.017313968812743788)	(60, 0.017955226916919483)	(62, 0.018474867104786)	(64, 0.019215630776851025)	(66, 0.01970210244208776)	(68, 0.020155405584694717)	(70, 0.02067504577256123)	(72, 0.021426865618836183)	(74, 0.0220791798972218)	(76, 0.022864168266126535)	(78, 0.023560707241351862)	(80, 0.02437886413288637)	(82, 0.025185964850210952)	(84, 0.025893559999646203)	(86, 0.02663432367171123)	(88, 0.02758515465376485)	(90, 0.028646547377917726)	(92, 0.029906951237849262)	(94, 0.031089961878311322)	(96, 0.03260465774507115)	(98, 0.034185690657090546)	(100, 0.03584411678857942)	(102, 0.03762416083637747)	(104, 0.03912780052892738)	(106, 0.04110685571250409)	(108, 0.04305274237345103)	(110, 0.04561777479015382)	(112, 0.048503436258944446)	(114, 0.05159916503772367)	(116, 0.054750174687552514)	(118, 0.058531386267347135)	(120, 0.06284329420921819)	(122, 0.06750899972580687)	(124, 0.07251744664290327)	(126, 0.07783546643787756)	(128, 0.08394953077596654)	(130, 0.09004148276563564)	(132, 0.0964540638073926)	(134, 0.10398331844435206)	(136, 0.11261819050230411)	(138, 0.1226903652075465)
SRR39146900_1 - illumina_universal_adapter	(1, 0.00013217405359129176)	(2, 0.0002454660995266847)	(3, 0.0004909321990533694)	(4, 0.0005853422373328635)	(5, 0.0008874543598272447)	(6, 0.0010385104210744354)	(7, 0.0013217405359129176)	(8, 0.0015105606124719059)	(9, 0.0018504367502780847)	(10, 0.002105343853632719)	(12, 0.0023696919608153025)	(14, 0.0026245990641699368)	(16, 0.002879506167524571)	(18, 0.0032193823053307496)	(20, 0.0049282039981895925)	(22, 0.005183111101544227)	(24, 0.00546634121638271)	(26, 0.0056362792852857994)	(28, 0.005825099361844787)	(30, 0.0059761554230919785)	(32, 0.006183857507306865)	(34, 0.0063537955762099545)	(36, 0.006485969629801246)	(38, 0.006618143683392538)	(40, 0.006816404763779475)	(42, 0.006995783836510514)	(44, 0.007184603913069503)	(46, 0.007297895959004895)	(48, 0.007562244066187479)	(50, 0.007751064142746468)	(52, 0.008005971246101102)	(54, 0.008260878349455734)	(56, 0.008581872479606015)	(58, 0.008968953636551941)	(60, 0.009374916801153765)	(62, 0.009837525988723287)	(64, 0.010517278264335645)	(66, 0.010970446448077216)	(68, 0.011536906677754182)	(70, 0.0120750438959473)	(72, 0.012802001190699403)	(74, 0.013472312462483812)	(76, 0.014322002806999258)	(78, 0.015218898170654452)	(80, 0.016134675541965546)	(82, 0.017041011909448688)	(84, 0.01812672734966287)	(86, 0.01910859174776961)	(88, 0.02027927622243534)	(90, 0.02150660672006876)	(92, 0.022743378221530136)	(94, 0.024235056826346142)	(96, 0.025840027477097544)	(98, 0.02767158221971973)	(100, 0.029795808081008346)	(102, 0.03214661803416775)	(104, 0.034912832155756926)	(106, 0.037603518246722506)	(108, 0.04058687545635452)	(110, 0.044165015907147345)	(112, 0.04807359149191841)	(114, 0.05278465240206516)	(116, 0.05766565138111501)	(118, 0.06306590557070207)	(120, 0.06913647103207354)	(122, 0.07596231679968096)	(124, 0.08401549306492181)	(126, 0.09295612368998991)	(128, 0.10242545052942317)	(130, 0.1124612375985334)	(132, 0.12432857941026582)	(134, 0.1373382826851801)	(136, 0.15112214827398623)	(138, 0.16734179285040332)
SRR39146900_2 - illumina_universal_adapter	(1, 0.00013217405359129176)	(2, 0.00022658409187078588)	(3, 0.0004909321990533694)	(4, 0.0006231062526446612)	(5, 0.0009252183751390423)	(6, 0.001076274436386233)	(7, 0.0013595045512247153)	(8, 0.0016049706507514)	(9, 0.001944846788557579)	(10, 0.002199753891912213)	(12, 0.0024452199914388978)	(14, 0.0027190091024494305)	(16, 0.002955034198148166)	(18, 0.0032665873244704965)	(20, 0.004777147936942403)	(22, 0.005013173032641138)	(24, 0.00529640314747962)	(26, 0.005522987239350406)	(28, 0.005749571331221192)	(30, 0.0059761554230919785)	(32, 0.00625938553793046)	(34, 0.006523733645113044)	(36, 0.006703112717844083)	(38, 0.006844727775263324)	(40, 0.007137398893929756)	(42, 0.00738286499345644)	(44, 0.007628331092983125)	(46, 0.007930443215477506)	(48, 0.008326965376251381)	(50, 0.00866684151405756)	(52, 0.00899727664803579)	(54, 0.009356034793497867)	(56, 0.009771438961927642)	(58, 0.010319017183948707)	(60, 0.010847713398313873)	(62, 0.011451937643302637)	(64, 0.01220721794953859)	(66, 0.012735914163903756)	(68, 0.013425107443344065)	(70, 0.014029331688332827)	(72, 0.014746847979256981)	(74, 0.015473805274009086)	(76, 0.016380141641492228)	(78, 0.017390329051082818)	(80, 0.018438280475985204)	(82, 0.019401262866436043)	(84, 0.020628593364069463)	(86, 0.02165766278131595)	(88, 0.022913316290433222)	(90, 0.02424449783017409)	(92, 0.025585120373742908)	(94, 0.027246737047462003)	(96, 0.028974440747976747)	(98, 0.031051461590125614)	(100, 0.03335506652414527)	(102, 0.035743640492616476)	(104, 0.038547618629517444)	(106, 0.041351596766418426)	(108, 0.04441992301050199)	(110, 0.04812079651105815)	(112, 0.05208601811879691)	(114, 0.05682540204042751)	(116, 0.061895221096036346)	(118, 0.06729547528562341)	(120, 0.07341324576613462)	(122, 0.08029573755670974)	(124, 0.08845276486405804)	(126, 0.09749724653123358)	(128, 0.10694769136301094)	(130, 0.11701180144360501)	(132, 0.12897355329361693)	(134, 0.14177555448431634)	(136, 0.15571047613436967)	(138, 0.17210949978351778)
