Sample	0	1	2	3	4	5	6	7	8	9	10	11	12	13	14	15	16	17	18	19	20	21	22	23	24	25	26	27	28	29	30	31	32	33	34	35	36	37	38	39	40	41	42	43	44	45	46	47	48	49	50	51	52	53	54	55	56	57	58	59	60	61	62	63	64	65	66	67	68	69	70	71	72	73	74	75	76	77	78	79	80	81	82	83	84	85	86	87	88	89	90	91	92	93	94	95	96	97	98	99	100
SRR39139285_1	(0.0, 0.0)	(1.0, 0.0)	(2.0, 0.0)	(3.0, 0.0)	(4.0, 0.0)	(5.0, 0.0)	(6.0, 0.0)	(7.0, 0.0)	(8.0, 1.8728461099207093e-05)	(9.0, 8.427807494643192e-05)	(10.0, 0.00011237076659524255)	(11.0, 6.554961384722483e-05)	(12.0, 0.000103006536045639)	(13.0, 0.00017792038044246738)	(14.0, 0.0003277480692361241)	(15.0, 0.0005243969107777987)	(16.0, 0.0007210457523194731)	(17.0, 0.0010487938215555973)	(18.0, 0.001404634582440532)	(19.0, 0.001966488415416745)	(20.0, 0.0026313487844385965)	(21.0, 0.003174474156315602)	(22.0, 0.003979797983581507)	(23.0, 0.005899465246250234)	(24.0, 0.009008389788718612)	(25.0, 0.012220320867232628)	(26.0, 0.01603156270092127)	(27.0, 0.022474153319048513)	(28.0, 0.03118288773017981)	(29.0, 0.04316910283367235)	(30.0, 0.059256850917891235)	(31.0, 0.07428644095000493)	(32.0, 0.09127315516698577)	(33.0, 0.11445899000780416)	(34.0, 0.13508838990858074)	(35.0, 0.15311453371656758)	(36.0, 0.17070992291927264)	(37.0, 0.1959184315588054)	(38.0, 0.2235803686023343)	(39.0, 0.2515887821761985)	(40.0, 0.29058143818474763)	(41.0, 0.3356421155894399)	(42.0, 0.38870921011404325)	(43.0, 0.464203636804947)	(44.0, 0.570609388540092)	(45.0, 0.6996859424358274)	(46.0, 0.8569862872080678)	(47.0, 1.0644039938817862)	(48.0, 1.3287374938359953)	(49.0, 1.6412686884290137)	(50.0, 1.9861532995709124)	(51.0, 2.356358790118939)	(52.0, 2.7808393609324673)	(53.0, 3.2154894861228662)	(54.0, 3.640194798469585)	(55.0, 4.10325599914748)	(56.0, 4.559059921149434)	(57.0, 4.988643997612495)	(58.0, 5.392467075833599)	(59.0, 5.740338876520822)	(60.0, 6.0064234875878055)	(61.0, 6.166139803841844)	(62.0, 6.172011176396445)	(63.0, 5.954854669951139)	(64.0, 5.540047349295351)	(65.0, 4.978343344007932)	(66.0, 4.296468168077451)	(67.0, 3.554783651626651)	(68.0, 2.811460394829671)	(69.0, 2.139942057887051)	(70.0, 1.5647535606082028)	(71.0, 1.085314320699051)	(72.0, 0.7117377071531672)	(73.0, 0.4382740824130948)	(74.0, 0.25874305431609557)	(75.0, 0.1423269401234243)	(76.0, 0.0734062032783422)	(77.0, 0.03822478910348168)	(78.0, 0.019505692234824186)	(79.0, 0.009757528232686895)	(80.0, 0.004185811055672785)	(81.0, 0.001554462271234189)	(82.0, 0.0006367676773730411)	(83.0, 0.00023410576374008866)	(84.0, 0.0001217349971448461)	(85.0, 9.364230549603546e-05)	(86.0, 5.6185383297621275e-05)	(87.0, 3.7456922198414185e-05)	(88.0, 2.8092691648810637e-05)	(89.0, 9.364230549603546e-06)	(90.0, 2.8092691648810637e-05)	(91.0, 2.8092691648810637e-05)	(92.0, 9.364230549603546e-06)	(93.0, 1.8728461099207093e-05)	(94.0, 9.364230549603546e-06)	(95.0, 0.0)	(96.0, 9.364230549603546e-06)	(97.0, 5.6185383297621275e-05)	(98.0, 0.0004213903747321596)	(99.0, 0.0005337611413274021)	(100.0, 0.00017792038044246738)
SRR39139285_2	(0.0, 0.0)	(1.0, 0.0)	(2.0, 0.0)	(3.0, 0.0)	(4.0, 0.0)	(5.0, 0.0)	(6.0, 0.0)	(7.0, 0.0)	(8.0, 4.6845863336937655e-05)	(9.0, 8.432255400648778e-05)	(10.0, 7.495338133910026e-05)	(11.0, 7.495338133910026e-05)	(12.0, 0.00022486014401730076)	(13.0, 0.00023422931668468826)	(14.0, 0.0003372902160259511)	(15.0, 0.0006183653960475771)	(16.0, 0.0006089962233801896)	(17.0, 0.0010025014754104658)	(18.0, 0.00151780597211678)	(19.0, 0.0021080638501621944)	(20.0, 0.002735798418877159)	(21.0, 0.0034197480235964484)	(22.0, 0.004787647233035028)	(23.0, 0.0060150088524627944)	(24.0, 0.00842288622798139)	(25.0, 0.012713967309644879)	(26.0, 0.01689261831929972)	(27.0, 0.022326738466384485)	(28.0, 0.03044044199634209)	(29.0, 0.04404448070938878)	(30.0, 0.06059043963999516)	(31.0, 0.07561859259848476)	(32.0, 0.09284850113381043)	(33.0, 0.11412589226144751)	(34.0, 0.13644326155516462)	(35.0, 0.15372001595382723)	(36.0, 0.1710810929064963)	(37.0, 0.1974646831378596)	(38.0, 0.226003183082722)	(39.0, 0.2524055116594201)	(40.0, 0.29107208725772843)	(41.0, 0.3364469904858862)	(42.0, 0.388033655192522)	(43.0, 0.46820566570735705)	(44.0, 0.5739648867768276)	(45.0, 0.700757900484583)	(46.0, 0.8642405943578281)	(47.0, 1.081464862651208)	(48.0, 1.3480271942110507)	(49.0, 1.653846359247247)	(50.0, 2.002473274200737)	(51.0, 2.377671162838938)	(52.0, 2.7879753414618405)	(53.0, 3.2224519855666025)	(54.0, 3.66164132352306)	(55.0, 4.113694535551841)	(56.0, 4.57314002481519)	(57.0, 5.010914617698873)	(58.0, 5.40122498184957)	(59.0, 5.76172263857264)	(60.0, 6.033915842905583)	(61.0, 6.181930032704971)	(62.0, 6.16575884068106)	(63.0, 5.929018585721512)	(64.0, 5.493548809314007)	(65.0, 4.934527752941663)	(66.0, 4.2594132780477185)	(67.0, 3.4960880424903222)	(68.0, 2.7627441594685656)	(69.0, 2.096717782061988)	(70.0, 1.5217785013277523)	(71.0, 1.0446440140683748)	(72.0, 0.6776254131688032)	(73.0, 0.4239082173359488)	(74.0, 0.2513749026660074)	(75.0, 0.13980679454275674)	(76.0, 0.07578723770649774)	(77.0, 0.0412524672545073)	(78.0, 0.022701505373079987)	(79.0, 0.013707099612387958)	(80.0, 0.008469732091318329)	(81.0, 0.0057058261544390065)	(82.0, 0.004909446477711066)	(83.0, 0.004281711908996102)	(84.0, 0.004159912664320064)	(85.0, 0.004291081081663489)	(86.0, 0.003691454030950687)	(87.0, 0.0033635329875921233)	(88.0, 0.003597762304276812)	(89.0, 0.0038038841029593377)	(90.0, 0.003813253275626725)	(91.0, 0.003691454030950687)	(92.0, 0.003466593886933386)	(93.0, 0.003401009678261674)	(94.0, 0.003597762304276812)	(95.0, 0.004431618671674302)	(96.0, 0.005321690075076118)	(97.0, 0.006895711083197223)	(98.0, 0.010596534286815297)	(99.0, 0.01898194382412714)	(100.0, 0.06527502597368892)
SRR39146138_1	(0.0, 0.0)	(1.0, 0.0)	(2.0, 0.0)	(3.0, 0.0)	(4.0, 0.0)	(5.0, 0.0)	(6.0, 0.0)	(7.0, 0.0)	(8.0, 0.0)	(9.0, 0.0)	(10.0, 0.0)	(11.0, 0.0)	(12.0, 0.0)	(13.0, 0.0)	(14.0, 0.0)	(15.0, 0.0)	(16.0, 0.0)	(17.0, 0.0)	(18.0, 0.0)	(19.0, 0.0)	(20.0, 3.588222735338073e-05)	(21.0, 0.00013455835257517775)	(22.0, 0.0002242639209586296)	(23.0, 0.00031396948934208144)	(24.0, 0.0004664689555939495)	(25.0, 0.00048441006927063985)	(26.0, 0.0005472039671390561)	(27.0, 0.0011841135026615642)	(28.0, 0.0027001376083419003)	(29.0, 0.004853071249544745)	(30.0, 0.00789409001774376)	(31.0, 0.01342892358700274)	(32.0, 0.020569486830325508)	(33.0, 0.029773278146467665)	(34.0, 0.04303176115354184)	(35.0, 0.05975287910021727)	(36.0, 0.07505664906643415)	(37.0, 0.09277349882216589)	(38.0, 0.11930840594999094)	(39.0, 0.14923418356271048)	(40.0, 0.18119627757773438)	(41.0, 0.21800247228546463)	(42.0, 0.2618864363386493)	(43.0, 0.32008740910583283)	(44.0, 0.38693599866518114)	(45.0, 0.4690883581907463)	(46.0, 0.5853826570430533)	(47.0, 0.7212776225871445)	(48.0, 0.8816801494135946)	(49.0, 1.0837509127541582)	(50.0, 1.3434305921105747)	(51.0, 1.6488690818993896)	(52.0, 2.0169220584198544)	(53.0, 2.4636378478557677)	(54.0, 2.9753004688013003)	(55.0, 3.566890751176489)	(56.0, 4.224961830280653)	(57.0, 4.921687038801246)	(58.0, 5.60036348696309)	(59.0, 6.213240900715671)	(60.0, 6.712775328815761)	(61.0, 7.008974145061081)	(62.0, 7.052149435124036)	(63.0, 6.876622549468135)	(64.0, 6.453059767231991)	(65.0, 5.77458964187743)	(66.0, 4.971078924753175)	(67.0, 4.10403872409976)	(68.0, 3.2222150457767516)	(69.0, 2.4202203527581774)	(70.0, 1.738449062487105)	(71.0, 1.1853065867210641)	(72.0, 0.7656459967095998)	(73.0, 0.4648901375904008)	(74.0, 0.2621286413732846)	(75.0, 0.14055965510003068)	(76.0, 0.07258077537905089)	(77.0, 0.03622310851323785)	(78.0, 0.01649685402571679)	(79.0, 0.006727917628758888)	(80.0, 0.0030410187681990174)	(81.0, 0.0013814657531051582)	(82.0, 0.0007983795586127214)	(83.0, 0.000681762319714234)	(84.0, 0.0005292628534623658)	(85.0, 0.0002691167051503555)	(86.0, 0.00015249946625186812)	(87.0, 6.279389786841627e-05)	(88.0, 2.691167051503555e-05)	(89.0, 5.38233410300711e-05)	(90.0, 5.38233410300711e-05)	(91.0, 1.7941113676690365e-05)	(92.0, 2.691167051503555e-05)	(93.0, 1.7941113676690365e-05)	(94.0, 0.0)	(95.0, 5.38233410300711e-05)	(96.0, 7.176445470676146e-05)	(97.0, 0.00014352890941352292)	(98.0, 0.0006279389786841629)	(99.0, 0.0006997034333909244)	(100.0, 0.00019735225044359404)
SRR39146138_2	(0.0, 0.0)	(1.0, 0.0)	(2.0, 0.0)	(3.0, 0.0)	(4.0, 0.0)	(5.0, 0.0)	(6.0, 0.0)	(7.0, 0.0)	(8.0, 0.0)	(9.0, 0.0)	(10.0, 0.0)	(11.0, 0.0)	(12.0, 0.0)	(13.0, 0.0)	(14.0, 0.0)	(15.0, 0.0)	(16.0, 0.0)	(17.0, 0.0)	(18.0, 0.0)	(19.0, 0.0)	(20.0, 8.077542251604132e-05)	(21.0, 0.00017052589197830945)	(22.0, 0.00019745103281698992)	(23.0, 0.0001884759858707631)	(24.0, 0.0004397773003651139)	(25.0, 0.0004936275820424747)	(26.0, 0.0005295277698273821)	(27.0, 0.0013103568541491149)	(28.0, 0.002495063051051054)	(29.0, 0.004702924599822851)	(30.0, 0.007835215984056008)	(31.0, 0.012977917884243972)	(32.0, 0.020427206849612228)	(33.0, 0.02999460689429001)	(34.0, 0.04259557280679246)	(35.0, 0.05731464979860443)	(36.0, 0.07380181103882309)	(37.0, 0.09385206591669379)	(38.0, 0.12223116436066297)	(39.0, 0.1494524817485689)	(40.0, 0.17879191021578436)	(41.0, 0.2152665010052501)	(42.0, 0.26006993536081435)	(43.0, 0.32118103001767273)	(44.0, 0.3862052451430861)	(45.0, 0.4697808823063501)	(46.0, 0.5826959479368297)	(47.0, 0.715903594712728)	(48.0, 0.8832164198842883)	(49.0, 1.0894001733799568)	(50.0, 1.3489854562056751)	(51.0, 1.6516060891385507)	(52.0, 2.0176892790281964)	(53.0, 2.46807508488375)	(54.0, 2.979275808846937)	(55.0, 3.5814476086570792)	(56.0, 4.257744321196108)	(57.0, 4.936311720612532)	(58.0, 5.599513839657017)	(59.0, 6.229696760986333)	(60.0, 6.711728582374282)	(61.0, 6.993141179373224)	(62.0, 7.053040642692341)	(63.0, 6.854216427692579)	(64.0, 6.418881775565848)	(65.0, 5.743329991923355)	(66.0, 4.928332903877337)	(67.0, 4.075990645488068)	(68.0, 3.2066496481826476)	(69.0, 2.4044150768941637)	(70.0, 1.7190356168455527)	(71.0, 1.1689729396052038)	(72.0, 0.7572965112287261)	(73.0, 0.4594236781304044)	(74.0, 0.26076998902262005)	(75.0, 0.1417249663278676)	(76.0, 0.07498651723572503)	(77.0, 0.038440126070689445)	(78.0, 0.020301556192365053)	(79.0, 0.010913657086611805)	(80.0, 0.006453058754337079)	(81.0, 0.005124751806295511)	(82.0, 0.004801650116231345)	(83.0, 0.004128521595264334)	(84.0, 0.0038772202807699835)	(85.0, 0.0038682452338237566)	(86.0, 0.003590018778490726)	(87.0, 0.0034823182151360035)	(88.0, 0.0034553930742973232)	(89.0, 0.003581043731544499)	(90.0, 0.003590018778490726)	(91.0, 0.003338717463996375)	(92.0, 0.003293842229265241)	(93.0, 0.0035541185907058187)	(94.0, 0.0037425945765765813)	(95.0, 0.003769519717415262)	(96.0, 0.004613174130360582)	(97.0, 0.007278763073389946)	(98.0, 0.010554655208762732)	(99.0, 0.017151314714239443)	(100.0, 0.06120982017326687)
SRR39146893_1	(0.0, 0.0)	(1.0, 0.0)	(2.0, 0.0)	(3.0, 0.0)	(4.0, 0.0)	(5.0, 0.0)	(6.0, 0.0)	(7.0, 0.0)	(8.0, 0.0)	(9.0, 0.0)	(10.0, 0.0)	(11.0, 0.0)	(12.0, 0.0)	(13.0, 0.0)	(14.0, 0.0)	(15.0, 0.0)	(16.0, 0.0)	(17.0, 0.0)	(18.0, 0.0)	(19.0, 0.0)	(20.0, 2.0560766110593892e-05)	(21.0, 5.1401915276484735e-05)	(22.0, 0.00023644881027182977)	(23.0, 0.0004112153222118779)	(24.0, 0.0005242995358201443)	(25.0, 0.0006373837494284108)	(26.0, 0.0010074775394191009)	(27.0, 0.0020560766110593897)	(28.0, 0.003001871852146709)	(29.0, 0.003957947476289325)	(30.0, 0.005500004934583866)	(31.0, 0.008296269125624636)	(32.0, 0.01376543291104261)	(33.0, 0.018915904821746383)	(34.0, 0.024929928909095095)	(35.0, 0.034562647831908336)	(36.0, 0.04655985485743987)	(37.0, 0.06135332607401218)	(38.0, 0.08077296966546811)	(39.0, 0.10547673014734667)	(40.0, 0.13541320560437137)	(41.0, 0.16743659882162137)	(42.0, 0.20926747747362467)	(43.0, 0.26244789901867577)	(44.0, 0.3215909427357991)	(45.0, 0.39967045204077944)	(46.0, 0.4908060478259868)	(47.0, 0.5960566095461169)	(48.0, 0.7437343121354576)	(49.0, 0.9324410234984883)	(50.0, 1.1651169331890243)	(51.0, 1.4521452280929148)	(52.0, 1.7916137569618753)	(53.0, 2.2010711336712974)	(54.0, 2.7138360797033987)	(55.0, 3.3283048553015524)	(56.0, 4.015836313273702)	(57.0, 4.761236047464117)	(58.0, 5.519609625070318)	(59.0, 6.249342055484461)	(60.0, 6.877031403691726)	(61.0, 7.290230839833277)	(62.0, 7.451108554265619)	(63.0, 7.327414985344285)	(64.0, 6.893829549604082)	(65.0, 6.19113452662537)	(66.0, 5.309529997335324)	(67.0, 4.342413241791319)	(68.0, 3.3699815282077266)	(69.0, 2.478394746970988)	(70.0, 1.7421239929336758)	(71.0, 1.1670188040542542)	(72.0, 0.7341015932126443)	(73.0, 0.43829385117953)	(74.0, 0.24837405461597423)	(75.0, 0.13450853189550524)	(76.0, 0.0687243607246601)	(77.0, 0.033483207611102156)	(78.0, 0.01609907986459502)	(79.0, 0.007833651888136273)	(80.0, 0.0035467321540774465)	(81.0, 0.0014495340107968696)	(82.0, 0.0006682248985943015)	(83.0, 0.00042149570526717477)	(84.0, 0.0003392526408247992)	(85.0, 0.00023644881027182977)	(86.0, 0.00023644881027182977)	(87.0, 0.0002467291933271267)	(88.0, 0.00016448612888475114)	(89.0, 0.00014392536277415727)	(90.0, 0.00016448612888475114)	(91.0, 0.00012336459666356336)	(92.0, 0.0001130842136082664)	(93.0, 7.196268138707864e-05)	(94.0, 3.084114916589084e-05)	(95.0, 6.168229833178168e-05)	(96.0, 9.252344749767253e-05)	(97.0, 0.0001747665119400481)	(98.0, 0.00042149570526717477)	(99.0, 0.00047289762054365954)	(100.0, 0.0001747665119400481)
SRR39146893_2	(0.0, 0.0)	(1.0, 0.0)	(2.0, 0.0)	(3.0, 0.0)	(4.0, 0.0)	(5.0, 0.0)	(6.0, 0.0)	(7.0, 0.0)	(8.0, 0.0)	(9.0, 0.0)	(10.0, 0.0)	(11.0, 0.0)	(12.0, 0.0)	(13.0, 0.0)	(14.0, 0.0)	(15.0, 0.0)	(16.0, 0.0)	(17.0, 2.057229872088647e-05)	(18.0, 2.057229872088647e-05)	(19.0, 0.0)	(20.0, 1.0286149360443235e-05)	(21.0, 6.171689616265941e-05)	(22.0, 0.00037030137697595644)	(23.0, 0.0005451659161034914)	(24.0, 0.0004937351693012753)	(25.0, 0.0008228919488354588)	(26.0, 0.0012034794751718584)	(27.0, 0.0018206484367984525)	(28.0, 0.00241724509970416)	(29.0, 0.003229850899179176)	(30.0, 0.005081357784058957)	(31.0, 0.008156916442831485)	(32.0, 0.012610819115903404)	(33.0, 0.017465881614032612)	(34.0, 0.025591939608782765)	(35.0, 0.03557979063777315)	(36.0, 0.04505333419874137)	(37.0, 0.05957737709568721)	(38.0, 0.08113714615517623)	(39.0, 0.10786056219360776)	(40.0, 0.13533486713535162)	(41.0, 0.1678493852637127)	(42.0, 0.21258384883228032)	(43.0, 0.26575295487641143)	(44.0, 0.32207990877419856)	(45.0, 0.3973230913458408)	(46.0, 0.49068018294122356)	(47.0, 0.5997750830580846)	(48.0, 0.7430714297984192)	(49.0, 0.9302484897104047)	(50.0, 1.1662847590844956)	(51.0, 1.4533300431370246)	(52.0, 1.79854350182286)	(53.0, 2.217498365273713)	(54.0, 2.7339247800641258)	(55.0, 3.3408487369277187)	(56.0, 4.027449206737304)	(57.0, 4.78575442373854)	(58.0, 5.541313238860537)	(59.0, 6.265118710906846)	(60.0, 6.8894262601895875)	(61.0, 7.289300316576819)	(62.0, 7.438891786725745)	(63.0, 7.312907029359036)	(64.0, 6.864297197302026)	(65.0, 6.1482269095747695)	(66.0, 5.261241964074389)	(67.0, 4.285456691145302)	(68.0, 3.3230948431315936)	(69.0, 2.4539255083235005)	(70.0, 1.723979205109007)	(71.0, 1.1394481954030993)	(72.0, 0.7142290669917365)	(73.0, 0.42964217263635346)	(74.0, 0.244625204090061)	(75.0, 0.1337816585819247)	(76.0, 0.07094357213897699)	(77.0, 0.03759587591242002)	(78.0, 0.019708262174609237)	(79.0, 0.011746782569626173)	(80.0, 0.008187774890912814)	(81.0, 0.005801388239289984)	(82.0, 0.005338511518070038)	(83.0, 0.005266508472546936)	(84.0, 0.005143074680221617)	(85.0, 0.0047727733032456605)	(86.0, 0.0047007702577225585)	(87.0, 0.004916779394291866)	(88.0, 0.004525905718595023)	(89.0, 0.004577336465397239)	(90.0, 0.004639053361559899)	(91.0, 0.004505333419874137)	(92.0, 0.004536191867955466)	(93.0, 0.004844776348768763)	(94.0, 0.005266508472546936)	(95.0, 0.005451659161034914)	(96.0, 0.006367126454114362)	(97.0, 0.009020952989108716)	(98.0, 0.01310455428520468)	(99.0, 0.022125507274313398)	(100.0, 0.07054241231391971)
SRR39146894_1	(0.0, 0.0)	(1.0, 0.0)	(2.0, 0.0)	(3.0, 0.0)	(4.0, 0.0)	(5.0, 0.0)	(6.0, 0.0)	(7.0, 0.0)	(8.0, 0.0)	(9.0, 0.0)	(10.0, 0.0)	(11.0, 0.0)	(12.0, 0.0)	(13.0, 0.0)	(14.0, 0.0)	(15.0, 0.0)	(16.0, 0.0)	(17.0, 0.0)	(18.0, 0.0)	(19.0, 0.0)	(20.0, 8.983347568612064e-05)	(21.0, 0.0002495374324614462)	(22.0, 0.0005390008541167238)	(23.0, 0.0009582237406519535)	(24.0, 0.0015970395677532558)	(25.0, 0.0028147822381651135)	(26.0, 0.004611451751887526)	(27.0, 0.0072365855413819395)	(28.0, 0.01035081269850079)	(29.0, 0.01456300455845)	(30.0, 0.02189940507281652)	(31.0, 0.03053340023598256)	(32.0, 0.04028532309657588)	(33.0, 0.054249437817118405)	(34.0, 0.07152740964074894)	(35.0, 0.0900530686266867)	(36.0, 0.1088582095369813)	(37.0, 0.12842194424195869)	(38.0, 0.15403446630980153)	(39.0, 0.18347988334025217)	(40.0, 0.21843508687945157)	(41.0, 0.26508860525244354)	(42.0, 0.319098487134399)	(43.0, 0.3809138999037484)	(44.0, 0.4599673585075346)	(45.0, 0.5583949033676274)	(46.0, 0.6700479321481769)	(47.0, 0.7995977855848614)	(48.0, 0.95714573894372)	(49.0, 1.153701383744952)	(50.0, 1.4042968549200348)	(51.0, 1.6905562159425074)	(52.0, 2.0405174927237377)	(53.0, 2.4968416047173356)	(54.0, 3.023894606567805)	(55.0, 3.610976333171201)	(56.0, 4.2492132334291925)	(57.0, 4.9210079276046)	(58.0, 5.574446648248142)	(59.0, 6.146336535963285)	(60.0, 6.60474678089226)	(61.0, 6.911777637792824)	(62.0, 7.003567486949441)	(63.0, 6.798278032012059)	(64.0, 6.318227900940028)	(65.0, 5.64242064485064)	(66.0, 4.838470926443652)	(67.0, 3.983356052884768)	(68.0, 3.135906969251099)	(69.0, 2.350892151219285)	(70.0, 1.6781791592924196)	(71.0, 1.1429014036680205)	(72.0, 0.7375128723884535)	(73.0, 0.44559400239775526)	(74.0, 0.2531207899915926)	(75.0, 0.13785445918900135)	(76.0, 0.07387306150588654)	(77.0, 0.03873819101531491)	(78.0, 0.01851567748863931)	(79.0, 0.007605900941424881)	(80.0, 0.003373746086878753)	(81.0, 0.0015670950758578824)	(82.0, 0.0015072060920671352)	(83.0, 0.0014273541136794723)	(84.0, 0.0007585937946827966)	(85.0, 0.00035933390274448256)	(86.0, 0.00018964844867069914)	(87.0, 0.00014972245947686771)	(88.0, 0.00015970395677532558)	(89.0, 0.00010979647028303633)	(90.0, 9.981497298457849e-05)	(91.0, 8.983347568612064e-05)	(92.0, 6.987048108920494e-05)	(93.0, 5.9888983790747095e-05)	(94.0, 8.983347568612064e-05)	(95.0, 6.987048108920494e-05)	(96.0, 0.00010979647028303633)	(97.0, 0.00020961144326761482)	(98.0, 0.0005290193568182659)	(99.0, 0.0005589638487136395)	(100.0, 0.00013974096217840988)
SRR39146894_2	(0.0, 0.0)	(1.0, 0.0)	(2.0, 0.0)	(3.0, 0.0)	(4.0, 0.0)	(5.0, 0.0)	(6.0, 0.0)	(7.0, 0.0)	(8.0, 0.0)	(9.0, 0.0)	(10.0, 0.0)	(11.0, 0.0)	(12.0, 0.0)	(13.0, 0.0)	(14.0, 0.0)	(15.0, 0.0)	(16.0, 0.0)	(17.0, 0.0)	(18.0, 0.0)	(19.0, 0.0)	(20.0, 6.99117224680396e-05)	(21.0, 0.0003895081680362206)	(22.0, 0.0006292055022123564)	(23.0, 0.0008888776142365035)	(24.0, 0.001368272282588775)	(25.0, 0.0024369228974573803)	(26.0, 0.004594198905042602)	(27.0, 0.007780175971800408)	(28.0, 0.010586632259445998)	(29.0, 0.014401814828416157)	(30.0, 0.021033441073955914)	(31.0, 0.03084105699732947)	(32.0, 0.04297573453999635)	(33.0, 0.05634884830923992)	(34.0, 0.07278809047815324)	(35.0, 0.08867802625624624)	(36.0, 0.10675520020869647)	(37.0, 0.12949648478865736)	(38.0, 0.1533663443170309)	(39.0, 0.18307882636594772)	(40.0, 0.22211952966988582)	(41.0, 0.27314509968263073)	(42.0, 0.32705702509441326)	(43.0, 0.388429530032428)	(44.0, 0.4715345932690791)	(45.0, 0.5730564016815967)	(46.0, 0.6815494075630701)	(47.0, 0.8053830428318162)	(48.0, 0.9653710260054629)	(49.0, 1.161423470583694)	(50.0, 1.4080021157284697)	(51.0, 1.7046375541603618)	(52.0, 2.063094930031849)	(53.0, 2.523423672928194)	(54.0, 3.0492397249992433)	(55.0, 3.621557059900464)	(56.0, 4.271376532851968)	(57.0, 4.954683720865663)	(58.0, 5.604223546927295)	(59.0, 6.152501236688433)	(60.0, 6.603092275383873)	(61.0, 6.908816237736611)	(62.0, 6.971477115845821)	(63.0, 6.752373777630985)	(64.0, 6.274037772504657)	(65.0, 5.599169928131748)	(66.0, 4.787085347331924)	(67.0, 3.9276106060876934)	(68.0, 3.0902479439212107)	(69.0, 2.3077360217253675)	(70.0, 1.628993070449943)	(71.0, 1.1046451645507218)	(72.0, 0.7189421916945473)	(73.0, 0.44058367499358564)	(74.0, 0.250713424159314)	(75.0, 0.13684720303672554)	(76.0, 0.07463575742909428)	(77.0, 0.04157750009063556)	(78.0, 0.022042167355280487)	(79.0, 0.01152544681830253)	(80.0, 0.007690289471484357)	(81.0, 0.005852609909467316)	(82.0, 0.005343253074343027)	(83.0, 0.005233391796178964)	(84.0, 0.00492378273953479)	(85.0, 0.004544261960422575)	(86.0, 0.003974980791754252)	(87.0, 0.0039949555696022635)	(88.0, 0.004374476348714478)	(89.0, 0.004404438515486496)	(90.0, 0.004174728570234365)	(91.0, 0.004134779014538343)	(92.0, 0.004154753792386353)	(93.0, 0.003984968180678258)	(94.0, 0.004134779014538343)	(95.0, 0.00462416107181462)	(96.0, 0.005732761242379248)	(97.0, 0.008569179696796856)	(98.0, 0.01281381998949926)	(99.0, 0.021672633965092277)	(100.0, 0.07319757342403747)
SRR39146895_1	(0.0, 0.0)	(1.0, 0.0)	(2.0, 0.0)	(3.0, 0.0)	(4.0, 0.0)	(5.0, 0.0)	(6.0, 0.0)	(7.0, 0.0)	(8.0, 0.0)	(9.0, 0.0)	(10.0, 0.0)	(11.0, 0.0)	(12.0, 0.0)	(13.0, 0.0)	(14.0, 0.0)	(15.0, 0.0)	(16.0, 0.0)	(17.0, 0.0)	(18.0, 9.452421237700037e-06)	(19.0, 9.452421237700036e-05)	(20.0, 0.00012288147609010048)	(21.0, 8.507179113930032e-05)	(22.0, 9.452421237700036e-05)	(23.0, 0.0003308347433195013)	(24.0, 0.0008223606476799033)	(25.0, 0.0013516962369911052)	(26.0, 0.0015880067679336061)	(27.0, 0.002268581097048009)	(28.0, 0.0037053491251784142)	(29.0, 0.006106264119554223)	(30.0, 0.009216110706757536)	(31.0, 0.013526414791148755)	(32.0, 0.019812274914219278)	(33.0, 0.02762942727779721)	(34.0, 0.03749775504995605)	(35.0, 0.04687455691775448)	(36.0, 0.05795279460833893)	(37.0, 0.07275528626657718)	(38.0, 0.09307799192763226)	(39.0, 0.12124620721597837)	(40.0, 0.15302524741712592)	(41.0, 0.19020162014500014)	(42.0, 0.2378323707617706)	(43.0, 0.29029330863100583)	(44.0, 0.3550991086366773)	(45.0, 0.44045447241310864)	(46.0, 0.5367273827190835)	(47.0, 0.6492962672388533)	(48.0, 0.7997693609218001)	(49.0, 0.9939599028291097)	(50.0, 1.232624086659798)	(51.0, 1.5220383201156977)	(52.0, 1.8865425878838864)	(53.0, 2.3171476373673117)	(54.0, 2.8149783066932597)	(55.0, 3.394874897204919)	(56.0, 4.052659438715227)	(57.0, 4.745644796914729)	(58.0, 5.387142816632481)	(59.0, 6.016409403268647)	(60.0, 6.576219598650194)	(61.0, 6.958456608660309)	(62.0, 7.114034009811614)	(63.0, 6.971926308924031)	(64.0, 6.573913207868196)	(65.0, 5.985386556766516)	(66.0, 5.240866597979072)	(67.0, 4.396604690291419)	(68.0, 3.5188434017373553)	(69.0, 2.6888641025398656)	(70.0, 1.9612545253466678)	(71.0, 1.3559687313905455)	(72.0, 0.8896524344710898)	(73.0, 0.549696104657208)	(74.0, 0.31792273590880304)	(75.0, 0.17395290803739377)	(76.0, 0.09325758793114856)	(77.0, 0.04849092094940119)	(78.0, 0.024018602364995794)	(79.0, 0.012316504872723148)	(80.0, 0.005860501167374022)	(81.0, 0.0026750352102691104)	(82.0, 0.001493482555556606)	(83.0, 0.0009830518087208038)	(84.0, 0.0004915259043604019)	(85.0, 0.0003308347433195013)	(86.0, 0.00023631053094250092)	(87.0, 0.00022685810970480086)	(88.0, 0.0003024774796064012)	(89.0, 0.00027412021589330105)	(90.0, 0.0001512387398032006)	(91.0, 9.452421237700036e-05)	(92.0, 5.6714527426200214e-05)	(93.0, 0.00011342905485240043)	(94.0, 7.56193699016003e-05)	(95.0, 3.780968495080015e-05)	(96.0, 5.6714527426200214e-05)	(97.0, 0.00013233389732780052)	(98.0, 0.0008790751751061034)	(99.0, 0.0008696227538684034)	(100.0, 0.00012288147609010048)
SRR39146895_2	(0.0, 0.0)	(1.0, 0.0)	(2.0, 0.0)	(3.0, 0.0)	(4.0, 0.0)	(5.0, 0.0)	(6.0, 0.0)	(7.0, 0.0)	(8.0, 0.0)	(9.0, 0.0)	(10.0, 0.0)	(11.0, 0.0)	(12.0, 0.0)	(13.0, 0.0)	(14.0, 0.0)	(15.0, 0.0)	(16.0, 0.0)	(17.0, 0.0)	(18.0, 3.7829580765020046e-05)	(19.0, 0.00013240353267757014)	(20.0, 0.00020806269420761028)	(21.0, 0.0001702331134425902)	(22.0, 0.00015131832306008018)	(23.0, 0.0003404662268851804)	(24.0, 0.0006620176633878508)	(25.0, 0.0011727170037156215)	(26.0, 0.0018347346671034723)	(27.0, 0.002638613258360148)	(28.0, 0.004123424303387185)	(29.0, 0.006506687891583448)	(30.0, 0.009797861418140192)	(31.0, 0.014630590360871503)	(32.0, 0.02102378951015989)	(33.0, 0.02860862045354641)	(34.0, 0.037356711005457295)	(35.0, 0.04640743820348834)	(36.0, 0.05804949168392327)	(37.0, 0.07280302818228108)	(38.0, 0.09235146404260519)	(39.0, 0.12084659575385653)	(40.0, 0.1537110440434677)	(41.0, 0.18975317711734055)	(42.0, 0.23304913230290597)	(43.0, 0.2898029608456273)	(44.0, 0.3596458243330456)	(45.0, 0.4420953956104067)	(46.0, 0.5357992671653614)	(47.0, 0.6541869401694916)	(48.0, 0.8076142623572218)	(49.0, 1.0025406346441788)	(50.0, 1.2490003533282843)	(51.0, 1.5387276550123816)	(52.0, 1.9063460634916551)	(53.0, 2.348413086916488)	(54.0, 2.8440184245190157)	(55.0, 3.4183849492743152)	(56.0, 4.076619654585664)	(57.0, 4.769629202015258)	(58.0, 5.423986375298192)	(59.0, 6.043805141342663)	(60.0, 6.58755807786387)	(61.0, 6.97497081447844)	(62.0, 7.116803370161691)	(63.0, 6.946201418306643)	(64.0, 6.529735563664536)	(65.0, 5.950091812392517)	(66.0, 5.2133039826226035)	(67.0, 4.345597431220147)	(68.0, 3.454313593605893)	(69.0, 2.6278034556565437)	(70.0, 1.90615691558783)	(71.0, 1.3172543744235718)	(72.0, 0.8607742807272661)	(73.0, 0.5282617231979312)	(74.0, 0.3064385189870449)	(75.0, 0.16818085868608787)	(76.0, 0.09198262563014624)	(77.0, 0.04962295256851504)	(78.0, 0.026423962164366502)	(79.0, 0.01511291751562551)	(80.0, 0.009362821239342461)	(81.0, 0.006137849479124502)	(82.0, 0.004908388104261351)	(83.0, 0.004492262715846131)	(84.0, 0.00392481900437083)	(85.0, 0.0035465231967206296)	(86.0, 0.0037356711005457296)	(87.0, 0.0038302450524582794)	(88.0, 0.0036789267293981997)	(89.0, 0.0034897788255730993)	(90.0, 0.0033668326880867843)	(91.0, 0.0036316397534419246)	(92.0, 0.0036789267293981997)	(93.0, 0.0036316397534419246)	(94.0, 0.00392481900437083)	(95.0, 0.004369316578359815)	(96.0, 0.005192109959999002)	(97.0, 0.007178162950162553)	(98.0, 0.010894919260325773)	(99.0, 0.018678355502728648)	(100.0, 0.06477369966490557)
SRR39146896_1	(0.0, 0.0)	(1.0, 0.0)	(2.0, 0.0)	(3.0, 0.0)	(4.0, 0.0)	(5.0, 0.0)	(6.0, 0.0)	(7.0, 0.0)	(8.0, 0.0)	(9.0, 0.0)	(10.0, 0.0)	(11.0, 0.0)	(12.0, 0.0)	(13.0, 0.0)	(14.0, 0.0)	(15.0, 0.0)	(16.0, 0.0)	(17.0, 0.0)	(18.0, 0.0)	(19.0, 2.2304548310034558e-05)	(20.0, 0.00010037046739515553)	(21.0, 0.00018958866063529376)	(22.0, 0.00025650230556539745)	(23.0, 0.0003234159504955011)	(24.0, 0.00047954778866574304)	(25.0, 0.0003680250471155702)	(26.0, 0.0006022228043709332)	(27.0, 0.0016616888490975747)	(28.0, 0.003078027666784769)	(29.0, 0.0051523506596179835)	(30.0, 0.007973876020837354)	(31.0, 0.01283626755242489)	(32.0, 0.021635411860733523)	(33.0, 0.0334902792875169)	(34.0, 0.0474975356262186)	(35.0, 0.06361257178021856)	(36.0, 0.07972760793421854)	(37.0, 0.10129610615002196)	(38.0, 0.13054852125863228)	(39.0, 0.15607607679946683)	(40.0, 0.1881388649951415)	(41.0, 0.23068479089653243)	(42.0, 0.27741281960605485)	(43.0, 0.33907374340914537)	(44.0, 0.4121545959469736)	(45.0, 0.5035251780990302)	(46.0, 0.6209140158547422)	(47.0, 0.7631278158795224)	(48.0, 0.9405716499600024)	(49.0, 1.1547956842037292)	(50.0, 1.4204205500279308)	(51.0, 1.7417398729822886)	(52.0, 2.1222554671514784)	(53.0, 2.5695062698642914)	(54.0, 3.0872505975109688)	(55.0, 3.6858377605073662)	(56.0, 4.324450435446121)	(57.0, 4.995438162256891)	(58.0, 5.64424401577333)	(59.0, 6.233173309351483)	(60.0, 6.6928812022954505)	(61.0, 6.941967245547762)	(62.0, 6.9953754864761395)	(63.0, 6.810314649147782)	(64.0, 6.338841106970272)	(65.0, 5.6251401701457855)	(66.0, 4.810366172654378)	(67.0, 3.962258027713624)	(68.0, 3.119045731126923)	(69.0, 2.3405166246393216)	(70.0, 1.6578970758848688)	(71.0, 1.1173017384945612)	(72.0, 0.7204703672365813)	(73.0, 0.4359423967196255)	(74.0, 0.2481492522232895)	(75.0, 0.13284588973456582)	(76.0, 0.06768315184679988)	(77.0, 0.03264270645173558)	(78.0, 0.014765610981242879)	(79.0, 0.006278730349274729)	(80.0, 0.0026876980713591643)	(81.0, 0.0011486842379667798)	(82.0, 0.0006914409976110713)	(83.0, 0.0005353091594408294)	(84.0, 0.0003791773212705875)	(85.0, 0.00022304548310034562)	(86.0, 0.00015613183817024193)	(87.0, 6.691364493010368e-05)	(88.0, 2.2304548310034558e-05)	(89.0, 2.2304548310034558e-05)	(90.0, 3.345682246505184e-05)	(91.0, 3.345682246505184e-05)	(92.0, 2.2304548310034558e-05)	(93.0, 5.5761370775086405e-05)	(94.0, 4.4609096620069116e-05)	(95.0, 2.2304548310034558e-05)	(96.0, 7.806591908512096e-05)	(97.0, 0.00015613183817024193)	(98.0, 0.0004126341437356393)	(99.0, 0.0005910705302159158)	(100.0, 0.0002899591280304493)
SRR39146896_2	(0.0, 0.0)	(1.0, 0.0)	(2.0, 0.0)	(3.0, 0.0)	(4.0, 0.0)	(5.0, 0.0)	(6.0, 0.0)	(7.0, 0.0)	(8.0, 0.0)	(9.0, 0.0)	(10.0, 0.0)	(11.0, 0.0)	(12.0, 0.0)	(13.0, 0.0)	(14.0, 0.0)	(15.0, 0.0)	(16.0, 0.0)	(17.0, 0.0)	(18.0, 0.0)	(19.0, 2.2318818066815402e-05)	(20.0, 0.0001673911355011155)	(21.0, 0.0002343475897015617)	(22.0, 0.0002455069987349694)	(23.0, 0.0002343475897015617)	(24.0, 0.0004017387252026772)	(25.0, 0.0005914486787706081)	(26.0, 0.0007923180413719466)	(27.0, 0.0015957954917773013)	(28.0, 0.0030353592570868944)	(29.0, 0.005334197517968881)	(30.0, 0.00844767263828963)	(31.0, 0.013625638429790803)	(32.0, 0.021202877163474628)	(33.0, 0.032005185107813285)	(34.0, 0.046958793212579605)	(35.0, 0.06248153117804971)	(36.0, 0.07947731113592964)	(37.0, 0.10126047756914146)	(38.0, 0.12982856469466517)	(39.0, 0.15779404373238487)	(40.0, 0.18923009897949436)	(41.0, 0.23235005548458174)	(42.0, 0.28140681759544195)	(43.0, 0.3458858829904716)	(44.0, 0.4198504460638979)	(45.0, 0.5049632587616983)	(46.0, 0.6226057487918824)	(47.0, 0.7689279200379241)	(48.0, 0.9487171589751555)	(49.0, 1.1723740348227127)	(50.0, 1.4426549216118472)	(51.0, 1.7651506832682962)	(52.0, 2.1489562381542875)	(53.0, 2.600142304783994)	(54.0, 3.112214107099973)	(55.0, 3.7042765533674187)	(56.0, 4.357001547140468)	(57.0, 5.028306956954142)	(58.0, 5.690450491951387)	(59.0, 6.268195416428972)	(60.0, 6.701593385059426)	(61.0, 6.958683850371072)	(62.0, 6.972878618661567)	(63.0, 6.7425707350301)	(64.0, 6.273830917990843)	(65.0, 5.565665980139823)	(66.0, 4.746297531270896)	(67.0, 3.8846460815743873)	(68.0, 3.0431373651831795)	(69.0, 2.2836056675513845)	(70.0, 1.6180696722079828)	(71.0, 1.0931087524584178)	(72.0, 0.706736533494743)	(73.0, 0.4261108745316396)	(74.0, 0.24021743885313415)	(75.0, 0.13194885241101265)	(76.0, 0.06979094409493175)	(77.0, 0.036134166450174136)	(78.0, 0.01863621308579086)	(79.0, 0.01053448212753687)	(80.0, 0.006863036555545735)	(81.0, 0.005780573879305188)	(82.0, 0.005702458016071334)	(83.0, 0.005021734065033465)	(84.0, 0.004474923022396487)	(85.0, 0.0043968071591626336)	(86.0, 0.0043968071591626336)	(87.0, 0.004307531886895372)	(88.0, 0.0041736189784944795)	(89.0, 0.004207097205594703)	(90.0, 0.004039706070093588)	(91.0, 0.004017387252026772)	(92.0, 0.004329850704962187)	(93.0, 0.004352169523029003)	(94.0, 0.00441912597722945)	(95.0, 0.0049994152469666495)	(96.0, 0.006349703740008981)	(97.0, 0.00897216486285979)	(98.0, 0.013368972022022424)	(99.0, 0.023189251971421198)	(100.0, 0.07904209418362675)
SRR39146897_1	(0.0, 0.0)	(1.0, 0.0)	(2.0, 0.0)	(3.0, 0.0)	(4.0, 0.0)	(5.0, 0.0)	(6.0, 0.0)	(7.0, 0.0)	(8.0, 0.0)	(9.0, 0.0)	(10.0, 0.0)	(11.0, 0.0)	(12.0, 0.0)	(13.0, 0.0)	(14.0, 0.0)	(15.0, 0.0)	(16.0, 0.0)	(17.0, 0.0)	(18.0, 0.0)	(19.0, 0.0)	(20.0, 5.7778391940684695e-05)	(21.0, 0.00011555678388136939)	(22.0, 0.00011555678388136939)	(23.0, 0.00019259463980228234)	(24.0, 0.00039481901159467886)	(25.0, 0.0005007460634859341)	(26.0, 0.0007029704352783306)	(27.0, 0.001810389614141454)	(28.0, 0.004015598239877587)	(29.0, 0.007520820684279126)	(30.0, 0.010727521436987127)	(31.0, 0.015619425287965099)	(32.0, 0.023101727044283767)	(33.0, 0.03162403985553476)	(34.0, 0.04127303130962911)	(35.0, 0.05378205316478735)	(36.0, 0.07014296781599123)	(37.0, 0.08845871806118828)	(38.0, 0.11109821796994658)	(39.0, 0.13688664023947217)	(40.0, 0.16272321116894836)	(41.0, 0.19629245688648614)	(42.0, 0.23441656583534795)	(43.0, 0.28217040677432387)	(44.0, 0.3432036481276671)	(45.0, 0.4211274393916706)	(46.0, 0.5241848311498719)	(47.0, 0.6420046020489181)	(48.0, 0.786546879220531)	(49.0, 0.9685584435656779)	(50.0, 1.2011646197868844)	(51.0, 1.5067930536891263)	(52.0, 1.889045265036706)	(53.0, 2.3448493693247774)	(54.0, 2.867878632635836)	(55.0, 3.4671464841126274)	(56.0, 4.143991456501778)	(57.0, 4.855705688427133)	(58.0, 5.579774866495804)	(59.0, 6.245757501200106)	(60.0, 6.784059519447484)	(61.0, 7.150518970331277)	(62.0, 7.256349724902631)	(63.0, 7.096900622610322)	(64.0, 6.672855374425647)	(65.0, 5.973110899364005)	(66.0, 5.113984730133983)	(67.0, 4.203031343333168)	(68.0, 3.3008410126433567)	(69.0, 2.4759581703701814)	(70.0, 1.7691839909557558)	(71.0, 1.196831240391333)	(72.0, 0.7608066056109559)	(73.0, 0.4590300645047597)	(74.0, 0.2594249798136743)	(75.0, 0.13570218320468813)	(76.0, 0.0678029429423935)	(77.0, 0.0319899696711591)	(78.0, 0.014906825120696653)	(79.0, 0.007145261136664675)	(80.0, 0.0032163304846981153)	(81.0, 0.001405940870556661)	(82.0, 0.0007222298992585588)	(83.0, 0.00024074329975285293)	(84.0, 0.00018296490781216822)	(85.0, 0.00018296490781216822)	(86.0, 0.00015407571184182587)	(87.0, 0.0001733351758220541)	(88.0, 0.00015407571184182587)	(89.0, 0.00013481624786159765)	(90.0, 8.666758791102705e-05)	(91.0, 4.8148659950570585e-05)	(92.0, 3.851892796045647e-05)	(93.0, 9.629731990114117e-06)	(94.0, 9.629731990114117e-06)	(95.0, 1.9259463980228234e-05)	(96.0, 2.8889195970342348e-05)	(97.0, 0.00014444597985171175)	(98.0, 0.00046222713552547756)	(99.0, 0.0004911163314958199)	(100.0, 0.00018296490781216822)
SRR39146897_2	(0.0, 0.0)	(1.0, 0.0)	(2.0, 0.0)	(3.0, 0.0)	(4.0, 0.0)	(5.0, 0.0)	(6.0, 0.0)	(7.0, 0.0)	(8.0, 0.0)	(9.0, 0.0)	(10.0, 0.0)	(11.0, 0.0)	(12.0, 0.0)	(13.0, 0.0)	(14.0, 0.0)	(15.0, 0.0)	(16.0, 0.0)	(17.0, 0.0)	(18.0, 9.635988954073142e-06)	(19.0, 9.635988954073142e-06)	(20.0, 0.00010599587849480456)	(21.0, 0.00025053571280590173)	(22.0, 0.0002216277459436823)	(23.0, 0.00020235576803553598)	(24.0, 0.00033725961339255996)	(25.0, 0.0005107074145658765)	(26.0, 0.0008094230721421439)	(27.0, 0.002081373614079799)	(28.0, 0.004172383217113671)	(29.0, 0.007448619461498539)	(30.0, 0.01162100267861221)	(31.0, 0.016882252647536143)	(32.0, 0.022914381732785934)	(33.0, 0.03190475942693617)	(34.0, 0.04361248600613504)	(35.0, 0.05425061781143179)	(36.0, 0.06869496525358743)	(37.0, 0.08756223162566264)	(38.0, 0.11034170951309155)	(39.0, 0.1352218329925084)	(40.0, 0.15942743724514014)	(41.0, 0.19479151670658856)	(42.0, 0.2377583914528007)	(43.0, 0.28675739528426264)	(44.0, 0.34688596635767904)	(45.0, 0.4244942213937841)	(46.0, 0.5245157867370633)	(47.0, 0.6462183272270072)	(48.0, 0.7940922137162135)	(49.0, 0.9766363884621752)	(50.0, 1.2131613733288547)	(51.0, 1.5139005885854773)	(52.0, 1.895129219575473)	(53.0, 2.3591502676588654)	(54.0, 2.8967324554176517)	(55.0, 3.4967751235767404)	(56.0, 4.167093059177884)	(57.0, 4.888982807661228)	(58.0, 5.606141285568122)	(59.0, 6.279793273347376)	(60.0, 6.815419355348484)	(61.0, 7.1211114689275)	(62.0, 7.21406021837849)	(63.0, 7.070753790653515)	(64.0, 6.634918010260786)	(65.0, 5.9322231517739565)	(66.0, 5.06710406347727)	(67.0, 4.154363917769554)	(68.0, 3.2451505440190287)	(69.0, 2.4188741271962106)	(70.0, 1.7272510200176105)	(71.0, 1.1651741483375702)	(72.0, 0.7404101192530721)	(73.0, 0.4470424355463153)	(74.0, 0.2544479243212554)	(75.0, 0.1355398206279928)	(76.0, 0.07023672348623913)	(77.0, 0.03544116737308102)	(78.0, 0.018934718294753725)	(79.0, 0.011784814490831453)	(80.0, 0.007785879074891098)	(81.0, 0.006253756831193469)	(82.0, 0.0050781661787965456)	(83.0, 0.004432554918873646)	(84.0, 0.004413282940965499)	(85.0, 0.004336195029332914)	(86.0, 0.00438437497410328)	(87.0, 0.004143475250251451)	(88.0, 0.004104931294435159)	(89.0, 0.004365102996195133)	(90.0, 0.004133839261297378)	(91.0, 0.0041531112392055244)	(92.0, 0.004268743106654402)	(93.0, 0.004162747228159598)	(94.0, 0.004615638709001035)	(95.0, 0.005290157935786155)	(96.0, 0.006629560400402322)	(97.0, 0.00962635296511907)	(98.0, 0.01483942298927264)	(99.0, 0.024600679799748733)	(100.0, 0.08053759567814332)
SRR39146898_1	(0.0, 0.0)	(1.0, 0.0)	(2.0, 0.0)	(3.0, 0.0)	(4.0, 0.0)	(5.0, 0.0)	(6.0, 0.0)	(7.0, 0.0)	(8.0, 0.0)	(9.0, 0.0)	(10.0, 0.0)	(11.0, 0.0)	(12.0, 0.0)	(13.0, 0.0)	(14.0, 0.0)	(15.0, 0.0)	(16.0, 0.0)	(17.0, 0.0)	(18.0, 0.0)	(19.0, 1.821258088662486e-05)	(20.0, 6.374403310318701e-05)	(21.0, 0.00011838177576306162)	(22.0, 0.00021855097063949836)	(23.0, 0.00030050758462931023)	(24.0, 0.00037335790817580967)	(25.0, 0.000528164845712121)	(26.0, 0.0006647592023618074)	(27.0, 0.0013113058238369902)	(28.0, 0.002868481489643416)	(29.0, 0.0052543295857912726)	(30.0, 0.0083504683365175)	(31.0, 0.013586585341422147)	(32.0, 0.020989999471835153)	(33.0, 0.03026930943357052)	(34.0, 0.043136497829970984)	(35.0, 0.05886306142557156)	(36.0, 0.07631982020540148)	(37.0, 0.09864844437240357)	(38.0, 0.12625871699652685)	(39.0, 0.15362311977868073)	(40.0, 0.18593223827155322)	(41.0, 0.22596349106035465)	(42.0, 0.27454555057542646)	(43.0, 0.3362953060715281)	(44.0, 0.4045651655250414)	(45.0, 0.48843410050794883)	(46.0, 0.6026543015384167)	(47.0, 0.7412065106334154)	(48.0, 0.9207188141424334)	(49.0, 1.1378309908918882)	(50.0, 1.3950017393014746)	(51.0, 1.7077117531248236)	(52.0, 2.086132758787115)	(53.0, 2.5343990121496125)	(54.0, 3.0379586610839038)	(55.0, 3.621680984790674)	(56.0, 4.2939893019299875)	(57.0, 4.992551054417371)	(58.0, 5.648777662633794)	(59.0, 6.237936441735222)	(60.0, 6.7004449333510605)	(61.0, 6.982912956612168)	(62.0, 7.023854838445301)	(63.0, 6.801442800657838)	(64.0, 6.345390668966308)	(65.0, 5.683017314700649)	(66.0, 4.883184506193188)	(67.0, 4.019033968284612)	(68.0, 3.156996089758884)	(69.0, 2.362381185675441)	(70.0, 1.6861662699359463)	(71.0, 1.1410364051279343)	(72.0, 0.7329562114917744)	(73.0, 0.4447239063800492)	(74.0, 0.24984929089316318)	(75.0, 0.13366213112693986)	(76.0, 0.0701821804466089)	(77.0, 0.03525045030606242)	(78.0, 0.01632757876485919)	(79.0, 0.007294138645093258)	(80.0, 0.003077926169839602)	(81.0, 0.001138286305414054)	(82.0, 0.0007831409781248692)	(83.0, 0.0005828025883719955)	(84.0, 0.0004735271030522465)	(85.0, 0.00029140129418599777)	(86.0, 0.00015480693753631134)	(87.0, 9.106290443312432e-05)	(88.0, 3.642516177324972e-05)	(89.0, 2.7318871329937294e-05)	(90.0, 5.463774265987459e-05)	(91.0, 3.642516177324972e-05)	(92.0, 9.10629044331243e-06)	(93.0, 4.553145221656216e-05)	(94.0, 4.553145221656216e-05)	(95.0, 2.7318871329937294e-05)	(96.0, 4.553145221656216e-05)	(97.0, 8.195661398981189e-05)	(98.0, 0.00030050758462931023)	(99.0, 0.00036425161773249727)	(100.0, 0.0001730195184229362)
SRR39146898_2	(0.0, 0.0)	(1.0, 0.0)	(2.0, 0.0)	(3.0, 0.0)	(4.0, 0.0)	(5.0, 0.0)	(6.0, 0.0)	(7.0, 0.0)	(8.0, 0.0)	(9.0, 0.0)	(10.0, 0.0)	(11.0, 0.0)	(12.0, 0.0)	(13.0, 0.0)	(14.0, 0.0)	(15.0, 0.0)	(16.0, 0.0)	(17.0, 0.0)	(18.0, 9.11115490539569e-06)	(19.0, 1.822230981079138e-05)	(20.0, 6.377808433776983e-05)	(21.0, 0.00014577847848633104)	(22.0, 0.00020044540791870516)	(23.0, 0.00020044540791870516)	(24.0, 0.0003371127314996405)	(25.0, 0.0004646689001751802)	(26.0, 0.0005831139139453242)	(27.0, 0.001293783996566188)	(28.0, 0.00270601300690252)	(29.0, 0.004865356719481299)	(30.0, 0.007762703979397128)	(31.0, 0.012983395740188858)	(32.0, 0.02059121008619426)	(33.0, 0.030440368538927)	(34.0, 0.04348754236345363)	(35.0, 0.05874872682999141)	(36.0, 0.07479347061839323)	(37.0, 0.09651446391285654)	(38.0, 0.12641727431236519)	(39.0, 0.15479852184267276)	(40.0, 0.18505666728349185)	(41.0, 0.2234055182803023)	(42.0, 0.2711570811394811)	(43.0, 0.33408782807104914)	(44.0, 0.40342371690111034)	(45.0, 0.48949679729238343)	(46.0, 0.6078871441330951)	(47.0, 0.7512602777244016)	(48.0, 0.9228324357479079)	(49.0, 1.139395476694258)	(50.0, 1.3975327174739287)	(51.0, 1.7072299838632337)	(52.0, 2.0918573881945126)	(53.0, 2.538158200080415)	(54.0, 3.0461233083660355)	(55.0, 3.654201786752144)	(56.0, 4.32521101206982)	(57.0, 4.997523132538968)	(58.0, 5.656778968028684)	(59.0, 6.247901587135852)	(60.0, 6.711167369455601)	(61.0, 6.9844291273782275)	(62.0, 7.016791949602193)	(63.0, 6.805622712359838)	(64.0, 6.342794265475547)	(65.0, 5.642000674772133)	(66.0, 4.825404305221139)	(67.0, 3.9653203933066905)	(68.0, 3.1075507147382133)	(69.0, 2.328401191848396)	(70.0, 1.6582666374016373)	(71.0, 1.1234327333000047)	(72.0, 0.7225510286174998)	(73.0, 0.4371805458256014)	(74.0, 0.2502560917865034)	(75.0, 0.13660354549659756)	(76.0, 0.07120367558566731)	(77.0, 0.03714617854929823)	(78.0, 0.019224536850384905)	(79.0, 0.010477828141205044)	(80.0, 0.006733143475087414)	(81.0, 0.005330025619656478)	(82.0, 0.004446243593833097)	(83.0, 0.003999797003468708)	(84.0, 0.00376290697592842)	(85.0, 0.0036626842719690673)	(86.0, 0.003735573511212233)	(87.0, 0.003981574693657916)	(88.0, 0.00376290697592842)	(89.0, 0.0035624615680097146)	(90.0, 0.0036991288915906497)	(91.0, 0.0037720181308338154)	(92.0, 0.0038175739053607936)	(93.0, 0.003644461962158276)	(94.0, 0.003735573511212233)	(95.0, 0.004473577058549283)	(96.0, 0.005758249900210076)	(97.0, 0.007635147810721587)	(98.0, 0.010787607407988497)	(99.0, 0.019452315723019798)	(100.0, 0.06647498618976695)
SRR39146899_1	(0.0, 0.0)	(1.0, 0.0)	(2.0, 0.0)	(3.0, 0.0)	(4.0, 0.0)	(5.0, 0.0)	(6.0, 0.0)	(7.0, 0.0)	(8.0, 0.0)	(9.0, 0.0)	(10.0, 0.0)	(11.0, 0.0)	(12.0, 0.0)	(13.0, 0.0)	(14.0, 0.0)	(15.0, 0.0)	(16.0, 0.0)	(17.0, 0.0)	(18.0, 0.0)	(19.0, 0.0)	(20.0, 0.0)	(21.0, 0.0)	(22.0, 0.0)	(23.0, 0.00028746059302235845)	(24.0, 0.0006191458926635413)	(25.0, 0.0009397750156500181)	(26.0, 0.0013599097285288495)	(27.0, 0.002089617387739452)	(28.0, 0.0028524935769141725)	(29.0, 0.004919998611344212)	(30.0, 0.008855997500419582)	(31.0, 0.013101569335826724)	(32.0, 0.01752403999770916)	(33.0, 0.024301476287044)	(34.0, 0.034804844109014785)	(35.0, 0.04948744670646448)	(36.0, 0.06499926255301713)	(37.0, 0.07941651691075387)	(38.0, 0.09900806194289308)	(39.0, 0.12387340323932708)	(40.0, 0.15722988820657538)	(41.0, 0.19577172002488083)	(42.0, 0.23447939449300687)	(43.0, 0.28599012152728254)	(44.0, 0.35344385529764444)	(45.0, 0.4375592472866484)	(46.0, 0.5459318908560775)	(47.0, 0.6746257871168565)	(48.0, 0.8381798083699238)	(49.0, 1.0416245149931704)	(50.0, 1.2848161766900859)	(51.0, 1.5792863857115278)	(52.0, 1.9410002611468926)	(53.0, 2.386088764735396)	(54.0, 2.9061381460428066)	(55.0, 3.4951780696755828)	(56.0, 4.146596941994211)	(57.0, 4.8462870815872865)	(58.0, 5.540614975502829)	(59.0, 6.183421086207442)	(60.0, 6.713841161216967)	(61.0, 7.038561069565685)	(62.0, 7.132627020543925)	(63.0, 6.975109671744327)	(64.0, 6.548728219055586)	(65.0, 5.915529925863913)	(66.0, 5.119982734674536)	(67.0, 4.23276878284099)	(68.0, 3.35291824465948)	(69.0, 2.523837669676379)	(70.0, 1.792239404257822)	(71.0, 1.2125972307815456)	(72.0, 0.7843693965914692)	(73.0, 0.47705191029725863)	(74.0, 0.27539830429207407)	(75.0, 0.15151384487609232)	(76.0, 0.07832195542193797)	(77.0, 0.03828753975524721)	(78.0, 0.018441702660049766)	(79.0, 0.00823685160775604)	(80.0, 0.0034053024096494773)	(81.0, 0.0012604041386364948)	(82.0, 0.00037591000626000724)	(83.0, 0.0001990111797847097)	(84.0, 0.00014373029651117922)	(85.0, 5.5280883273530474e-05)	(86.0, 4.422470661882438e-05)	(87.0, 6.633705992823657e-05)	(88.0, 6.633705992823657e-05)	(89.0, 5.5280883273530474e-05)	(90.0, 3.316852996411828e-05)	(91.0, 4.422470661882438e-05)	(92.0, 4.422470661882438e-05)	(93.0, 2.211235330941219e-05)	(94.0, 4.422470661882438e-05)	(95.0, 5.5280883273530474e-05)	(96.0, 5.5280883273530474e-05)	(97.0, 0.00011056176654706095)	(98.0, 0.0003648538296053011)	(99.0, 0.00037591000626000724)	(100.0, 0.00011056176654706095)
SRR39146899_2	(0.0, 0.0)	(1.0, 0.0)	(2.0, 0.0)	(3.0, 0.0)	(4.0, 0.0)	(5.0, 0.0)	(6.0, 0.0)	(7.0, 0.0)	(8.0, 0.0)	(9.0, 0.0)	(10.0, 0.0)	(11.0, 0.0)	(12.0, 0.0)	(13.0, 0.0)	(14.0, 0.0)	(15.0, 0.0)	(16.0, 0.0)	(17.0, 1.1062875743660337e-05)	(18.0, 2.2125751487320674e-05)	(19.0, 1.1062875743660337e-05)	(20.0, 0.0)	(21.0, 0.0)	(22.0, 9.956588169294302e-05)	(23.0, 0.00043145215400275307)	(24.0, 0.0007190869233379218)	(25.0, 0.0008518414322618459)	(26.0, 0.001250104959033618)	(27.0, 0.0019470661308842192)	(28.0, 0.002986976450788291)	(29.0, 0.005122111469314736)	(30.0, 0.008651168831542383)	(31.0, 0.013618400040445875)	(32.0, 0.019625541569253436)	(33.0, 0.02572118610401028)	(34.0, 0.035644585646073604)	(35.0, 0.05171894410161207)	(36.0, 0.0650718351242101)	(37.0, 0.07917700169737703)	(38.0, 0.10030709436776826)	(39.0, 0.12697968778573335)	(40.0, 0.159593045478044)	(41.0, 0.19497212210626977)	(42.0, 0.23853772678480417)	(43.0, 0.29261306341981586)	(44.0, 0.3540784010515927)	(45.0, 0.4396829335560364)	(46.0, 0.5510639665432087)	(47.0, 0.6814731458094767)	(48.0, 0.8442412366259512)	(49.0, 1.0444460989589723)	(50.0, 1.2908937819004935)	(51.0, 1.5937953197619137)	(52.0, 1.958471955775933)	(53.0, 2.408498678152292)	(54.0, 2.937658150723053)	(55.0, 3.5266788439427605)	(56.0, 4.17959870745785)	(57.0, 4.876117364278705)	(58.0, 5.559305255828448)	(59.0, 6.190541882885964)	(60.0, 6.72122803230935)	(61.0, 7.043799363242997)	(62.0, 7.115331917801505)	(63.0, 6.943868406650513)	(64.0, 6.522063080296232)	(65.0, 5.8623395481987925)	(66.0, 5.052979558792602)	(67.0, 4.173890263574121)	(68.0, 3.2768459210236784)	(69.0, 2.467441680114514)	(70.0, 1.7627364952433506)	(71.0, 1.1864823606318273)	(72.0, 0.7667126034143796)	(73.0, 0.4650279818847622)	(74.0, 0.26897169795561376)	(75.0, 0.15067636762865377)	(76.0, 0.07971908260881638)	(77.0, 0.0402467419554363)	(78.0, 0.021948745475422107)	(79.0, 0.01382859467957542)	(80.0, 0.008806049091953627)	(81.0, 0.00559781512629213)	(82.0, 0.004690659315311982)	(83.0, 0.004436213173207795)	(84.0, 0.004347710167258512)	(85.0, 0.00425920716130923)	(86.0, 0.004026886770692362)	(87.0, 0.004115389776641645)	(88.0, 0.0043919616702331535)	(89.0, 0.004546841930644399)	(90.0, 0.00427027003705289)	(91.0, 0.0040490125221796834)	(92.0, 0.004358773043002173)	(93.0, 0.004723847942542964)	(94.0, 0.0046464078123373415)	(95.0, 0.005044671339109113)	(96.0, 0.006316902049630052)	(97.0, 0.008662231707286043)	(98.0, 0.013452456904290968)	(99.0, 0.022247443120500934)	(100.0, 0.07464122264247629)
SRR39146900_1	(0.0, 0.0)	(1.0, 0.0)	(2.0, 0.0)	(3.0, 0.0)	(4.0, 0.0)	(5.0, 0.0)	(6.0, 0.0)	(7.0, 0.0)	(8.0, 0.0)	(9.0, 0.0)	(10.0, 0.0)	(11.0, 0.0)	(12.0, 0.0)	(13.0, 0.0)	(14.0, 0.0)	(15.0, 0.0)	(16.0, 0.0)	(17.0, 0.0)	(18.0, 0.0)	(19.0, 2.832301415782509e-05)	(20.0, 4.7205023596375145e-05)	(21.0, 0.00010385105191202533)	(22.0, 0.00027378913685897584)	(23.0, 0.0014822377409261795)	(24.0, 0.002879506439378884)	(25.0, 0.003597022798043786)	(26.0, 0.00482435341154954)	(27.0, 0.006750318374281646)	(28.0, 0.008534668266224626)	(29.0, 0.01308523254091519)	(30.0, 0.016682255338958975)	(31.0, 0.019420146707548734)	(32.0, 0.027643261818037286)	(33.0, 0.05159509079083804)	(34.0, 0.07923835260887532)	(35.0, 0.09863961730698549)	(36.0, 0.11489702743357712)	(37.0, 0.1280200239933694)	(38.0, 0.14963048379578994)	(39.0, 0.17922803359071715)	(40.0, 0.2163689461563451)	(41.0, 0.26671782432423885)	(42.0, 0.3249971464563236)	(43.0, 0.39667325428505956)	(44.0, 0.4854847856792798)	(45.0, 0.5974267786357238)	(46.0, 0.7405335281704948)	(47.0, 0.9225749811675559)	(48.0, 1.1570517743754705)	(49.0, 1.4269700992995435)	(50.0, 1.746434816990372)	(51.0, 2.1104610769561787)	(52.0, 2.5035656314573522)	(53.0, 2.951361926297286)	(54.0, 3.4332024841549256)	(55.0, 3.930686786832404)	(56.0, 4.4449477548960346)	(57.0, 4.9711610349342665)	(58.0, 5.506550971559634)	(59.0, 5.983888170166179)	(60.0, 6.355618289982915)	(61.0, 6.597704532994565)	(62.0, 6.617219089749306)	(63.0, 6.400227037281489)	(64.0, 5.970047657247723)	(65.0, 5.3292583439363685)	(66.0, 4.563687271250356)	(67.0, 3.7645817498014793)	(68.0, 2.9576307534308848)	(69.0, 2.200414969921431)	(70.0, 1.5711720053817504)	(71.0, 1.0677776337500058)	(72.0, 0.6825091131658304)	(73.0, 0.4141013489968413)	(74.0, 0.23462784928342303)	(75.0, 0.1252632506153411)	(76.0, 0.06482193840254234)	(77.0, 0.03193891896530742)	(78.0, 0.014482501239367895)	(79.0, 0.006561498279896145)	(80.0, 0.0028606244299403337)	(81.0, 0.0010668335332780783)	(82.0, 0.0005192552595601266)	(83.0, 0.00031155315573607595)	(84.0, 0.00021714310854332566)	(85.0, 0.00023602511798187574)	(86.0, 0.00017937908966622555)	(87.0, 6.608703303492521e-05)	(88.0, 3.776401887710012e-05)	(89.0, 6.608703303492521e-05)	(90.0, 2.832301415782509e-05)	(91.0, 1.888200943855006e-05)	(92.0, 2.832301415782509e-05)	(93.0, 3.776401887710012e-05)	(94.0, 3.776401887710012e-05)	(95.0, 9.44100471927503e-06)	(96.0, 3.776401887710012e-05)	(97.0, 0.00011329205663130036)	(98.0, 0.00034931717461317605)	(99.0, 0.0003681991840517261)	(100.0, 0.00010385105191202533)
SRR39146900_2	(0.0, 0.0)	(1.0, 0.0)	(2.0, 0.0)	(3.0, 0.0)	(4.0, 0.0)	(5.0, 0.0)	(6.0, 0.0)	(7.0, 0.0)	(8.0, 0.0)	(9.0, 0.0)	(10.0, 0.0)	(11.0, 0.0)	(12.0, 0.0)	(13.0, 0.0)	(14.0, 0.0)	(15.0, 0.0)	(16.0, 0.0)	(17.0, 0.0)	(18.0, 0.0)	(19.0, 3.777969131914309e-05)	(20.0, 8.500430546807195e-05)	(21.0, 9.444922829785774e-05)	(22.0, 0.00022667814791485854)	(23.0, 0.0014450731929572232)	(24.0, 0.00299404053704209)	(25.0, 0.003834638668893024)	(26.0, 0.0045807875724461)	(27.0, 0.006583111212360684)	(28.0, 0.0090954606850837)	(29.0, 0.012996213813785224)	(30.0, 0.016226377421571958)	(31.0, 0.019560435180486335)	(32.0, 0.028060865727293532)	(33.0, 0.053798280438459765)	(34.0, 0.08224638800177451)	(35.0, 0.1007112121340057)	(36.0, 0.11774985291893923)	(37.0, 0.13003769752049055)	(38.0, 0.1512982188103383)	(39.0, 0.18361874473386522)	(40.0, 0.22076562622341264)	(41.0, 0.2696053221762349)	(42.0, 0.3298355950617788)	(43.0, 0.40272206453923554)	(44.0, 0.487131339869031)	(45.0, 0.5943028792186101)	(46.0, 0.7425598328777575)	(47.0, 0.9332433798883025)	(48.0, 1.1693381158644574)	(49.0, 1.4382822934426074)	(50.0, 1.7535254827323672)	(51.0, 2.105981667971483)	(52.0, 2.5114710948998455)	(53.0, 2.979570915266858)	(54.0, 3.4629526207724646)	(55.0, 3.9646291417993655)	(56.0, 4.476836751781478)	(57.0, 4.999887133172184)	(58.0, 5.518734523903636)	(59.0, 5.990791766936328)	(60.0, 6.363214519037612)	(61.0, 6.570407791154621)	(62.0, 6.587729779624449)	(63.0, 6.388432462993139)	(64.0, 5.946400629636336)	(65.0, 5.29018628126848)	(66.0, 4.521662355531641)	(67.0, 3.7033070169448528)	(68.0, 2.902037543757147)	(69.0, 2.1716522164069834)	(70.0, 1.5377089960717623)	(71.0, 1.0419261068906474)	(72.0, 0.6674538065353011)	(73.0, 0.4029204079186611)	(74.0, 0.22939828568983686)	(75.0, 0.12448408289657649)	(76.0, 0.06637891764773442)	(77.0, 0.035002884007186076)	(78.0, 0.01810591706469933)	(79.0, 0.009690490823360204)	(80.0, 0.0064697721384032545)	(81.0, 0.004741351260552458)	(82.0, 0.004202990659254668)	(83.0, 0.0038157488232334526)	(84.0, 0.0036268503666377367)	(85.0, 0.003579625752488808)	(86.0, 0.003390727295893092)	(87.0, 0.0030601549968505906)	(88.0, 0.0030034854598718756)	(89.0, 0.003135714379488877)	(90.0, 0.0032584983762760913)	(91.0, 0.003126269456659091)	(92.0, 0.0029279260772335897)	(93.0, 0.0030318202283612333)	(94.0, 0.0032679432991058774)	(95.0, 0.003324612836084592)	(96.0, 0.0037590792862547376)	(97.0, 0.00598808107408418)	(98.0, 0.0093599185243177)	(99.0, 0.015697461743103956)	(100.0, 0.05168261772458776)
