Sample	0	1	2	3	4	5	6	7	8	9	10	11	12	13	14	15	16	17	18	19	20	21	22	23	24	25	26	27	28	29	30	31	32	33	34	35	36	37	38	39	40	41	42	43	44	45	46	47	48	49	50	51	52	53	54	55	56	57	58	59	60	61	62	63	64	65	66	67	68	69	70	71	72	73	74	75	76	77	78	79	80	81	82	83	84	85	86	87	88	89	90	91	92	93	94	95	96	97	98	99	100	101	102	103	104	105	106	107	108	109	110	111	112	113	114	115	116	117	118	119	120	121	122	123	124	125	126	127	128	129	130	131	132	133	134	135	136	137	138	139	140	141	142	143	144	145	146	147	148	149
SRR39139285	(1, 59.945899999999995)	(2, 55.7511)	(3, 57.9465)	(4, 58.8213)	(5, 58.157199999999996)	(6, 58.879000000000005)	(7, 58.6148)	(8, 57.7804)	(9, 58.4095)	(10, 58.41030000000001)	(11, 57.6818)	(12, 58.450500000000005)	(13, 58.289899999999996)	(14, 57.556200000000004)	(15, 58.319500000000005)	(16, 58.3001)	(17, 57.6179)	(18, 58.4726)	(19, 58.429500000000004)	(20, 57.750800000000005)	(21, 58.5488)	(22, 58.4667)	(23, 57.6909)	(24, 58.6071)	(25, 58.540400000000005)	(26, 57.797399999999996)	(27, 58.6126)	(28, 58.532700000000006)	(29, 57.8816)	(30, 58.6322)	(31, 58.6577)	(32, 57.955999999999996)	(33, 58.769800000000004)	(34, 58.6858)	(35, 57.9121)	(36, 58.765299999999996)	(37, 58.7453)	(38, 58.0024)	(39, 58.850100000000005)	(40, 58.755199999999995)	(41, 58.064499999999995)	(42, 58.8696)	(43, 58.81960000000001)	(44, 58.0655)	(45, 58.838100000000004)	(46, 58.787800000000004)	(47, 58.0757)	(48, 58.903000000000006)	(49, 58.8063)	(50, 58.0637)	(51, 58.918899999999994)	(52, 58.7762)	(53, 58.078799999999994)	(54, 58.965199999999996)	(55, 58.8453)	(56, 58.1145)	(57, 58.910700000000006)	(58, 58.82190000000001)	(59, 58.13080000000001)	(60, 58.885200000000005)	(61, 58.849)	(62, 58.116)	(63, 58.878299999999996)	(64, 58.8271)	(65, 58.09029999999999)	(66, 58.8939)	(67, 58.8495)	(68, 58.119699999999995)	(69, 58.9279)	(70, 58.817699999999995)	(71, 58.1213)	(72, 58.903499999999994)	(73, 58.7612)	(74, 58.105799999999995)	(75, 58.9365)	(76, 58.7985)	(77, 58.0753)	(78, 58.8937)	(79, 58.7847)	(80, 58.1079)	(81, 58.9248)	(82, 58.813)	(83, 58.0897)	(84, 58.9187)	(85, 58.8014)	(86, 58.148500000000006)	(87, 58.925700000000006)	(88, 58.8375)	(89, 58.08069999999999)	(90, 58.8688)	(91, 58.8172)	(92, 58.115399999999994)	(93, 58.8827)	(94, 58.822399999999995)	(95, 58.134)	(96, 58.8836)	(97, 58.808899999999994)	(98, 58.078799999999994)	(99, 58.902699999999996)	(100, 58.80069999999999)	(101, 58.05479999999999)	(102, 58.8438)	(103, 58.788799999999995)	(104, 58.118199999999995)	(105, 58.88250000000001)	(106, 58.800799999999995)	(107, 58.1207)	(108, 58.852199999999996)	(109, 58.821)	(110, 58.1118)	(111, 58.8554)	(112, 58.751200000000004)	(113, 58.1364)	(114, 58.895399999999995)	(115, 58.806099999999994)	(116, 58.087599999999995)	(117, 58.8762)	(118, 58.749399999999994)	(119, 58.1424)	(120, 58.8702)	(121, 58.8113)	(122, 58.153)	(123, 58.8817)	(124, 58.7401)	(125, 58.121100000000006)	(126, 58.84120000000001)	(127, 58.77139999999999)	(128, 58.1492)	(129, 58.8529)	(130, 58.836299999999994)	(131, 58.1546)	(132, 58.809)	(133, 58.7952)	(134, 58.128800000000005)	(135, 58.8724)	(136, 58.7631)	(137, 58.0931)	(138, 58.846)	(139, 58.792)	(140, 58.1214)	(141, 58.86280000000001)	(142, 58.748400000000004)	(143, 58.108000000000004)	(144, 58.8309)	(145, 58.756600000000006)	(146, 58.093300000000006)	(147, 58.7889)	(148, 58.7458)	(149, 58.0811)	(150, 58.810300000000005)
SRR39146138	(1, 60.3348)	(2, 57.0445)	(3, 58.9786)	(4, 59.9812)	(5, 59.3734)	(6, 60.0392)	(7, 59.8145)	(8, 58.984899999999996)	(9, 59.6545)	(10, 59.676899999999996)	(11, 58.897200000000005)	(12, 59.608799999999995)	(13, 59.5209)	(14, 58.770900000000005)	(15, 59.5213)	(16, 59.515499999999996)	(17, 58.882)	(18, 59.7012)	(19, 59.6642)	(20, 58.9384)	(21, 59.798300000000005)	(22, 59.74739999999999)	(23, 58.9824)	(24, 59.833099999999995)	(25, 59.8457)	(26, 59.0694)	(27, 59.8386)	(28, 59.8269)	(29, 59.1052)	(30, 59.9721)	(31, 59.9287)	(32, 59.190200000000004)	(33, 59.976600000000005)	(34, 59.95009999999999)	(35, 59.2421)	(36, 60.0278)	(37, 59.977000000000004)	(38, 59.2583)	(39, 60.067499999999995)	(40, 60.0097)	(41, 59.309)	(42, 60.0922)	(43, 60.0372)	(44, 59.274)	(45, 60.1189)	(46, 60.0783)	(47, 59.319900000000004)	(48, 60.118)	(49, 60.0426)	(50, 59.37949999999999)	(51, 60.1516)	(52, 60.1239)	(53, 59.363200000000006)	(54, 60.1393)	(55, 60.141)	(56, 59.3553)	(57, 60.1963)	(58, 60.1248)	(59, 59.385600000000004)	(60, 60.1681)	(61, 60.1573)	(62, 59.3701)	(63, 60.18130000000001)	(64, 60.1104)	(65, 59.408300000000004)	(66, 60.178799999999995)	(67, 60.068200000000004)	(68, 59.37670000000001)	(69, 60.1604)	(70, 60.0903)	(71, 59.318400000000004)	(72, 60.215399999999995)	(73, 60.079800000000006)	(74, 59.3799)	(75, 60.145199999999996)	(76, 60.13699999999999)	(77, 59.343500000000006)	(78, 60.138400000000004)	(79, 60.1179)	(80, 59.3692)	(81, 60.1878)	(82, 60.1253)	(83, 59.3715)	(84, 60.1437)	(85, 60.0811)	(86, 59.43469999999999)	(87, 60.17059999999999)	(88, 60.091899999999995)	(89, 59.358599999999996)	(90, 60.12929999999999)	(91, 60.0981)	(92, 59.3967)	(93, 60.15279999999999)	(94, 60.109)	(95, 59.404599999999995)	(96, 60.16669999999999)	(97, 60.04859999999999)	(98, 59.3425)	(99, 60.135400000000004)	(100, 60.065599999999996)	(101, 59.362899999999996)	(102, 60.0684)	(103, 60.07749999999999)	(104, 59.372899999999994)	(105, 60.1344)	(106, 60.0729)	(107, 59.3875)	(108, 60.167)	(109, 60.00919999999999)	(110, 59.3603)	(111, 60.1081)	(112, 60.0493)	(113, 59.3957)	(114, 60.1469)	(115, 60.065900000000006)	(116, 59.39410000000001)	(117, 60.1689)	(118, 60.0476)	(119, 59.3869)	(120, 60.15970000000001)	(121, 60.0806)	(122, 59.36559999999999)	(123, 60.126999999999995)	(124, 60.071600000000004)	(125, 59.342600000000004)	(126, 60.1276)	(127, 60.055)	(128, 59.4117)	(129, 60.183299999999996)	(130, 60.06)	(131, 59.4191)	(132, 60.1144)	(133, 60.038199999999996)	(134, 59.378299999999996)	(135, 60.1158)	(136, 60.09100000000001)	(137, 59.3781)	(138, 60.1004)	(139, 60.023700000000005)	(140, 59.3858)	(141, 60.0271)	(142, 59.9935)	(143, 59.378600000000006)	(144, 60.1098)	(145, 60.0359)	(146, 59.343)	(147, 60.0926)	(148, 60.0225)	(149, 59.328599999999994)	(150, 60.065599999999996)
SRR39146893	(1, 60.8074)	(2, 57.2596)	(3, 59.1793)	(4, 60.28750000000001)	(5, 59.6382)	(6, 60.3518)	(7, 60.2368)	(8, 59.30950000000001)	(9, 60.073600000000006)	(10, 60.1163)	(11, 59.2804)	(12, 60.065400000000004)	(13, 59.951699999999995)	(14, 59.1348)	(15, 59.991099999999996)	(16, 59.946600000000004)	(17, 59.189400000000006)	(18, 60.1093)	(19, 60.0548)	(20, 59.239799999999995)	(21, 60.2306)	(22, 60.176300000000005)	(23, 59.28210000000001)	(24, 60.2032)	(25, 60.1732)	(26, 59.3591)	(27, 60.2654)	(28, 60.250800000000005)	(29, 59.4157)	(30, 60.3591)	(31, 60.3074)	(32, 59.4924)	(33, 60.4169)	(34, 60.4109)	(35, 59.527699999999996)	(36, 60.3993)	(37, 60.4033)	(38, 59.580299999999994)	(39, 60.5057)	(40, 60.4427)	(41, 59.6661)	(42, 60.5071)	(43, 60.472)	(44, 59.602500000000006)	(45, 60.5411)	(46, 60.4956)	(47, 59.669799999999995)	(48, 60.5877)	(49, 60.5406)	(50, 59.7301)	(51, 60.5804)	(52, 60.4837)	(53, 59.716899999999995)	(54, 60.591300000000004)	(55, 60.521800000000006)	(56, 59.721999999999994)	(57, 60.5896)	(58, 60.512100000000004)	(59, 59.668200000000006)	(60, 60.574600000000004)	(61, 60.5643)	(62, 59.7221)	(63, 60.6243)	(64, 60.5461)	(65, 59.690799999999996)	(66, 60.575100000000006)	(67, 60.51299999999999)	(68, 59.6959)	(69, 60.5634)	(70, 60.5441)	(71, 59.740700000000004)	(72, 60.6017)	(73, 60.536100000000005)	(74, 59.7559)	(75, 60.581399999999995)	(76, 60.511700000000005)	(77, 59.6973)	(78, 60.5745)	(79, 60.5294)	(80, 59.747499999999995)	(81, 60.5797)	(82, 60.4995)	(83, 59.72110000000001)	(84, 60.5803)	(85, 60.51689999999999)	(86, 59.7708)	(87, 60.567400000000006)	(88, 60.4837)	(89, 59.714299999999994)	(90, 60.5642)	(91, 60.5523)	(92, 59.71340000000001)	(93, 60.607200000000006)	(94, 60.495200000000004)	(95, 59.7727)	(96, 60.5777)	(97, 60.4642)	(98, 59.76390000000001)	(99, 60.575500000000005)	(100, 60.5056)	(101, 59.7112)	(102, 60.608799999999995)	(103, 60.530899999999995)	(104, 59.793099999999995)	(105, 60.5881)	(106, 60.4556)	(107, 59.7347)	(108, 60.56550000000001)	(109, 60.47749999999999)	(110, 59.76010000000001)	(111, 60.5765)	(112, 60.5023)	(113, 59.7659)	(114, 60.569399999999995)	(115, 60.481700000000004)	(116, 59.715799999999994)	(117, 60.589099999999995)	(118, 60.465199999999996)	(119, 59.765)	(120, 60.5653)	(121, 60.478699999999996)	(122, 59.7737)	(123, 60.561699999999995)	(124, 60.4356)	(125, 59.7255)	(126, 60.5232)	(127, 60.5077)	(128, 59.7423)	(129, 60.6076)	(130, 60.5043)	(131, 59.7205)	(132, 60.5757)	(133, 60.4731)	(134, 59.7171)	(135, 60.5042)	(136, 60.4893)	(137, 59.7356)	(138, 60.536500000000004)	(139, 60.4635)	(140, 59.706)	(141, 60.5182)	(142, 60.47670000000001)	(143, 59.7203)	(144, 60.5335)	(145, 60.399899999999995)	(146, 59.7264)	(147, 60.530300000000004)	(148, 60.4208)	(149, 59.71959999999999)	(150, 60.4618)
SRR39146894	(1, 60.642799999999994)	(2, 57.194500000000005)	(3, 58.903000000000006)	(4, 59.810900000000004)	(5, 59.2697)	(6, 59.7997)	(7, 59.5517)	(8, 58.767599999999995)	(9, 59.437200000000004)	(10, 59.479800000000004)	(11, 58.659099999999995)	(12, 59.356500000000004)	(13, 59.242700000000006)	(14, 58.4671)	(15, 59.2159)	(16, 59.3063)	(17, 58.5676)	(18, 59.422799999999995)	(19, 59.4371)	(20, 58.6882)	(21, 59.494400000000006)	(22, 59.440400000000004)	(23, 58.73009999999999)	(24, 59.5116)	(25, 59.5075)	(26, 58.7367)	(27, 59.557300000000005)	(28, 59.5267)	(29, 58.8389)	(30, 59.672000000000004)	(31, 59.648999999999994)	(32, 58.8569)	(33, 59.705600000000004)	(34, 59.6872)	(35, 58.936699999999995)	(36, 59.689099999999996)	(37, 59.655800000000006)	(38, 59.0143)	(39, 59.7843)	(40, 59.7444)	(41, 59.0364)	(42, 59.778)	(43, 59.7717)	(44, 59.019999999999996)	(45, 59.825700000000005)	(46, 59.755100000000006)	(47, 59.075500000000005)	(48, 59.8372)	(49, 59.8267)	(50, 59.1225)	(51, 59.8981)	(52, 59.8197)	(53, 59.0825)	(54, 59.865100000000005)	(55, 59.8255)	(56, 59.1542)	(57, 59.913700000000006)	(58, 59.8467)	(59, 59.14469999999999)	(60, 59.880199999999995)	(61, 59.796099999999996)	(62, 59.141299999999994)	(63, 59.8755)	(64, 59.8477)	(65, 59.075900000000004)	(66, 59.819900000000004)	(67, 59.852700000000006)	(68, 59.12)	(69, 59.870900000000006)	(70, 59.8298)	(71, 59.0906)	(72, 59.8169)	(73, 59.8523)	(74, 59.1239)	(75, 59.866699999999994)	(76, 59.831199999999995)	(77, 59.1051)	(78, 59.869099999999996)	(79, 59.858)	(80, 59.1339)	(81, 59.8682)	(82, 59.813300000000005)	(83, 59.0791)	(84, 59.842)	(85, 59.8206)	(86, 59.13739999999999)	(87, 59.8222)	(88, 59.843)	(89, 59.111000000000004)	(90, 59.835499999999996)	(91, 59.804199999999994)	(92, 59.094500000000004)	(93, 59.8696)	(94, 59.799400000000006)	(95, 59.1032)	(96, 59.8443)	(97, 59.7534)	(98, 59.0845)	(99, 59.857499999999995)	(100, 59.7949)	(101, 59.08520000000001)	(102, 59.88)	(103, 59.7919)	(104, 59.152800000000006)	(105, 59.837799999999994)	(106, 59.7904)	(107, 59.1596)	(108, 59.8533)	(109, 59.8279)	(110, 59.116)	(111, 59.860800000000005)	(112, 59.813700000000004)	(113, 59.11149999999999)	(114, 59.877199999999995)	(115, 59.752700000000004)	(116, 59.117)	(117, 59.865500000000004)	(118, 59.7722)	(119, 59.144600000000004)	(120, 59.899)	(121, 59.764399999999995)	(122, 59.1387)	(123, 59.8529)	(124, 59.7904)	(125, 59.1386)	(126, 59.8804)	(127, 59.8207)	(128, 59.101099999999995)	(129, 59.81999999999999)	(130, 59.7438)	(131, 59.1541)	(132, 59.8461)	(133, 59.7923)	(134, 59.160199999999996)	(135, 59.8147)	(136, 59.7063)	(137, 59.1334)	(138, 59.87519999999999)	(139, 59.7383)	(140, 59.0943)	(141, 59.8562)	(142, 59.75279999999999)	(143, 59.091899999999995)	(144, 59.8009)	(145, 59.765100000000004)	(146, 59.1614)	(147, 59.796899999999994)	(148, 59.7507)	(149, 59.13040000000001)	(150, 59.838)
SRR39146895	(1, 60.6533)	(2, 57.54129999999999)	(3, 59.668600000000005)	(4, 60.5331)	(5, 59.88590000000001)	(6, 60.475100000000005)	(7, 60.280699999999996)	(8, 59.356500000000004)	(9, 60.028800000000004)	(10, 59.9584)	(11, 59.286899999999996)	(12, 59.9904)	(13, 59.8485)	(14, 59.111599999999996)	(15, 59.9839)	(16, 59.915)	(17, 59.19370000000001)	(18, 60.0552)	(19, 60.028099999999995)	(20, 59.311499999999995)	(21, 60.101400000000005)	(22, 60.107299999999995)	(23, 59.341)	(24, 60.2244)	(25, 60.1674)	(26, 59.3803)	(27, 60.26390000000001)	(28, 60.172599999999996)	(29, 59.49379999999999)	(30, 60.3587)	(31, 60.2189)	(32, 59.5004)	(33, 60.3362)	(34, 60.2901)	(35, 59.4947)	(36, 60.384499999999996)	(37, 60.3452)	(38, 59.5662)	(39, 60.48480000000001)	(40, 60.3591)	(41, 59.6257)	(42, 60.486700000000006)	(43, 60.3967)	(44, 59.6838)	(45, 60.5089)	(46, 60.4208)	(47, 59.635099999999994)	(48, 60.545)	(49, 60.431999999999995)	(50, 59.7124)	(51, 60.570100000000004)	(52, 60.4186)	(53, 59.6881)	(54, 60.5849)	(55, 60.4869)	(56, 59.7021)	(57, 60.5568)	(58, 60.45270000000001)	(59, 59.6852)	(60, 60.567800000000005)	(61, 60.500299999999996)	(62, 59.711400000000005)	(63, 60.542399999999994)	(64, 60.445499999999996)	(65, 59.748400000000004)	(66, 60.57789999999999)	(67, 60.425399999999996)	(68, 59.705200000000005)	(69, 60.5728)	(70, 60.427600000000005)	(71, 59.730000000000004)	(72, 60.572199999999995)	(73, 60.42999999999999)	(74, 59.7463)	(75, 60.541199999999996)	(76, 60.4114)	(77, 59.6871)	(78, 60.549)	(79, 60.433099999999996)	(80, 59.7303)	(81, 60.528800000000004)	(82, 60.419)	(83, 59.7488)	(84, 60.582800000000006)	(85, 60.4263)	(86, 59.7001)	(87, 60.539100000000005)	(88, 60.39)	(89, 59.7069)	(90, 60.562099999999994)	(91, 60.4529)	(92, 59.7385)	(93, 60.530899999999995)	(94, 60.3904)	(95, 59.7167)	(96, 60.52889999999999)	(97, 60.432300000000005)	(98, 59.6965)	(99, 60.53269999999999)	(100, 60.409400000000005)	(101, 59.6635)	(102, 60.527699999999996)	(103, 60.4071)	(104, 59.7344)	(105, 60.51180000000001)	(106, 60.4081)	(107, 59.6882)	(108, 60.5437)	(109, 60.404599999999995)	(110, 59.7491)	(111, 60.606)	(112, 60.4705)	(113, 59.7402)	(114, 60.5966)	(115, 60.417500000000004)	(116, 59.7525)	(117, 60.563)	(118, 60.394000000000005)	(119, 59.7364)	(120, 60.5363)	(121, 60.446200000000005)	(122, 59.7396)	(123, 60.553599999999996)	(124, 60.388600000000004)	(125, 59.7559)	(126, 60.534600000000005)	(127, 60.4024)	(128, 59.75470000000001)	(129, 60.5702)	(130, 60.408899999999996)	(131, 59.7716)	(132, 60.5316)	(133, 60.44310000000001)	(134, 59.7084)	(135, 60.5024)	(136, 60.3779)	(137, 59.7482)	(138, 60.5441)	(139, 60.4374)	(140, 59.7606)	(141, 60.553900000000006)	(142, 60.3477)	(143, 59.720099999999995)	(144, 60.4874)	(145, 60.377199999999995)	(146, 59.689499999999995)	(147, 60.5155)	(148, 60.414699999999996)	(149, 59.7045)	(150, 60.488699999999994)
SRR39146896	(1, 60.292)	(2, 56.877900000000004)	(3, 58.6793)	(4, 59.809599999999996)	(5, 59.109199999999994)	(6, 59.7693)	(7, 59.6537)	(8, 58.6873)	(9, 59.4019)	(10, 59.4969)	(11, 58.7165)	(12, 59.4233)	(13, 59.316500000000005)	(14, 58.518)	(15, 59.359399999999994)	(16, 59.4278)	(17, 58.624900000000004)	(18, 59.4586)	(19, 59.5038)	(20, 58.7344)	(21, 59.566300000000005)	(22, 59.635000000000005)	(23, 58.753299999999996)	(24, 59.5769)	(25, 59.628)	(26, 58.8342)	(27, 59.641200000000005)	(28, 59.681)	(29, 58.897200000000005)	(30, 59.7266)	(31, 59.763200000000005)	(32, 58.98910000000001)	(33, 59.8329)	(34, 59.806000000000004)	(35, 58.9944)	(36, 59.8383)	(37, 59.779199999999996)	(38, 59.038000000000004)	(39, 59.8086)	(40, 59.9169)	(41, 59.157000000000004)	(42, 59.9938)	(43, 59.920700000000004)	(44, 59.105799999999995)	(45, 59.9587)	(46, 59.8996)	(47, 59.178)	(48, 59.9409)	(49, 59.9371)	(50, 59.2024)	(51, 59.946999999999996)	(52, 59.931400000000004)	(53, 59.17059999999999)	(54, 59.983799999999995)	(55, 59.9198)	(56, 59.213800000000006)	(57, 59.9604)	(58, 59.9779)	(59, 59.1936)	(60, 59.953199999999995)	(61, 59.9225)	(62, 59.1593)	(63, 59.9917)	(64, 59.927299999999995)	(65, 59.217600000000004)	(66, 59.9428)	(67, 59.974799999999995)	(68, 59.1673)	(69, 59.957300000000004)	(70, 59.9457)	(71, 59.1518)	(72, 59.9585)	(73, 59.9441)	(74, 59.227399999999996)	(75, 59.9739)	(76, 59.9506)	(77, 59.1521)	(78, 59.9571)	(79, 59.9149)	(80, 59.214800000000004)	(81, 59.931599999999996)	(82, 59.8905)	(83, 59.19029999999999)	(84, 59.894400000000005)	(85, 59.9388)	(86, 59.1989)	(87, 59.9705)	(88, 59.912299999999995)	(89, 59.1781)	(90, 59.9349)	(91, 59.889199999999995)	(92, 59.2059)	(93, 59.9938)	(94, 59.933099999999996)	(95, 59.2323)	(96, 59.9669)	(97, 59.8993)	(98, 59.2073)	(99, 59.904599999999995)	(100, 59.880900000000004)	(101, 59.168699999999994)	(102, 59.9395)	(103, 59.915099999999995)	(104, 59.2606)	(105, 59.9437)	(106, 59.91760000000001)	(107, 59.229)	(108, 59.938199999999995)	(109, 59.949)	(110, 59.1724)	(111, 59.9567)	(112, 59.9054)	(113, 59.1532)	(114, 59.9468)	(115, 59.92809999999999)	(116, 59.18600000000001)	(117, 59.91760000000001)	(118, 59.8807)	(119, 59.2074)	(120, 59.974700000000006)	(121, 59.912200000000006)	(122, 59.1727)	(123, 59.9093)	(124, 59.938)	(125, 59.176899999999996)	(126, 59.919599999999996)	(127, 59.8781)	(128, 59.1805)	(129, 59.922200000000004)	(130, 59.8832)	(131, 59.219100000000005)	(132, 59.96470000000001)	(133, 59.898700000000005)	(134, 59.1804)	(135, 59.911)	(136, 59.8919)	(137, 59.211499999999994)	(138, 59.9092)	(139, 59.918099999999995)	(140, 59.18449999999999)	(141, 59.925799999999995)	(142, 59.8734)	(143, 59.14469999999999)	(144, 59.840199999999996)	(145, 59.86359999999999)	(146, 59.1337)	(147, 59.8442)	(148, 59.7958)	(149, 59.202799999999996)	(150, 59.82920000000001)
SRR39146897	(1, 60.7189)	(2, 57.1346)	(3, 59.0849)	(4, 60.1983)	(5, 59.498)	(6, 60.19520000000001)	(7, 60.0676)	(8, 59.1009)	(9, 59.8372)	(10, 59.8828)	(11, 59.0711)	(12, 59.8102)	(13, 59.756)	(14, 58.959799999999994)	(15, 59.7765)	(16, 59.8068)	(17, 58.985299999999995)	(18, 59.9169)	(19, 59.9164)	(20, 59.128499999999995)	(21, 59.98329999999999)	(22, 59.9807)	(23, 59.197)	(24, 60.0248)	(25, 60.0278)	(26, 59.2039)	(27, 60.04089999999999)	(28, 60.036100000000005)	(29, 59.247499999999995)	(30, 60.1017)	(31, 60.174499999999995)	(32, 59.38099999999999)	(33, 60.195)	(34, 60.1761)	(35, 59.323499999999996)	(36, 60.20910000000001)	(37, 60.19799999999999)	(38, 59.4211)	(39, 60.241699999999994)	(40, 60.30029999999999)	(41, 59.4957)	(42, 60.294000000000004)	(43, 60.3047)	(44, 59.4538)	(45, 60.32809999999999)	(46, 60.317600000000006)	(47, 59.4774)	(48, 60.3241)	(49, 60.308099999999996)	(50, 59.54469999999999)	(51, 60.4355)	(52, 60.3376)	(53, 59.4924)	(54, 60.3496)	(55, 60.2991)	(56, 59.513400000000004)	(57, 60.378)	(58, 60.3329)	(59, 59.58369999999999)	(60, 60.369099999999996)	(61, 60.3603)	(62, 59.522600000000004)	(63, 60.3881)	(64, 60.3507)	(65, 59.53079999999999)	(66, 60.357000000000006)	(67, 60.372499999999995)	(68, 59.5545)	(69, 60.412200000000006)	(70, 60.3682)	(71, 59.5359)	(72, 60.3376)	(73, 60.370999999999995)	(74, 59.5503)	(75, 60.3803)	(76, 60.352399999999996)	(77, 59.552099999999996)	(78, 60.38590000000001)	(79, 60.365199999999994)	(80, 59.586600000000004)	(81, 60.3491)	(82, 60.3751)	(83, 59.549600000000005)	(84, 60.3318)	(85, 60.3441)	(86, 59.5614)	(87, 60.36319999999999)	(88, 60.314800000000005)	(89, 59.504400000000004)	(90, 60.357400000000005)	(91, 60.3774)	(92, 59.531800000000004)	(93, 60.365500000000004)	(94, 60.3124)	(95, 59.5218)	(96, 60.357499999999995)	(97, 60.347300000000004)	(98, 59.5825)	(99, 60.405699999999996)	(100, 60.3086)	(101, 59.585100000000004)	(102, 60.3581)	(103, 60.3207)	(104, 59.5151)	(105, 60.369499999999995)	(106, 60.36)	(107, 59.599500000000006)	(108, 60.3757)	(109, 60.2769)	(110, 59.597500000000004)	(111, 60.3657)	(112, 60.329100000000004)	(113, 59.5715)	(114, 60.4039)	(115, 60.2952)	(116, 59.522299999999994)	(117, 60.32769999999999)	(118, 60.28790000000001)	(119, 59.591499999999996)	(120, 60.3367)	(121, 60.2813)	(122, 59.6051)	(123, 60.3638)	(124, 60.3178)	(125, 59.5495)	(126, 60.3467)	(127, 60.2958)	(128, 59.549)	(129, 60.3475)	(130, 60.2829)	(131, 59.5807)	(132, 60.37630000000001)	(133, 60.331999999999994)	(134, 59.592800000000004)	(135, 60.2942)	(136, 60.3074)	(137, 59.51070000000001)	(138, 60.313700000000004)	(139, 60.2755)	(140, 59.574099999999994)	(141, 60.346999999999994)	(142, 60.3048)	(143, 59.5863)	(144, 60.317699999999995)	(145, 60.242399999999996)	(146, 59.5033)	(147, 60.3201)	(148, 60.245599999999996)	(149, 59.5195)	(150, 60.3351)
SRR39146898	(1, 60.1391)	(2, 57.437000000000005)	(3, 59.2438)	(4, 60.1254)	(5, 59.3874)	(6, 60.0017)	(7, 59.791799999999995)	(8, 58.9152)	(9, 59.59759999999999)	(10, 59.5296)	(11, 58.8129)	(12, 59.4789)	(13, 59.3146)	(14, 58.6443)	(15, 59.483799999999995)	(16, 59.413700000000006)	(17, 58.677)	(18, 59.572)	(19, 59.486399999999996)	(20, 58.843900000000005)	(21, 59.6634)	(22, 59.59290000000001)	(23, 58.844300000000004)	(24, 59.746)	(25, 59.6546)	(26, 58.9373)	(27, 59.741699999999994)	(28, 59.6669)	(29, 59.0187)	(30, 59.8174)	(31, 59.802299999999995)	(32, 59.0595)	(33, 59.891099999999994)	(34, 59.774499999999996)	(35, 59.0776)	(36, 59.9681)	(37, 59.8405)	(38, 59.13739999999999)	(39, 59.9669)	(40, 59.8584)	(41, 59.18639999999999)	(42, 60.0312)	(43, 59.9158)	(44, 59.2386)	(45, 60.01649999999999)	(46, 59.8924)	(47, 59.2535)	(48, 60.0001)	(49, 59.9384)	(50, 59.262499999999996)	(51, 60.047399999999996)	(52, 59.9208)	(53, 59.222699999999996)	(54, 60.0686)	(55, 59.9268)	(56, 59.2561)	(57, 60.0294)	(58, 59.9091)	(59, 59.2593)	(60, 60.0556)	(61, 59.99060000000001)	(62, 59.2438)	(63, 60.0523)	(64, 59.9174)	(65, 59.231)	(66, 60.0191)	(67, 59.9332)	(68, 59.2732)	(69, 60.041199999999996)	(70, 59.901700000000005)	(71, 59.244699999999995)	(72, 60.0244)	(73, 59.9515)	(74, 59.278)	(75, 60.048199999999994)	(76, 59.94350000000001)	(77, 59.2069)	(78, 60.0374)	(79, 59.9302)	(80, 59.24739999999999)	(81, 59.9691)	(82, 59.925)	(83, 59.27909999999999)	(84, 60.0398)	(85, 59.91570000000001)	(86, 59.24080000000001)	(87, 59.973)	(88, 59.900200000000005)	(89, 59.2237)	(90, 60.01800000000001)	(91, 59.9366)	(92, 59.229699999999994)	(93, 60.0163)	(94, 59.8928)	(95, 59.2576)	(96, 59.9996)	(97, 59.9407)	(98, 59.233000000000004)	(99, 60.0355)	(100, 59.9264)	(101, 59.265)	(102, 60.0359)	(103, 59.9418)	(104, 59.264799999999994)	(105, 60.030300000000004)	(106, 59.946299999999994)	(107, 59.2534)	(108, 60.0012)	(109, 59.9033)	(110, 59.2561)	(111, 60.0528)	(112, 59.9317)	(113, 59.2778)	(114, 60.0213)	(115, 59.9309)	(116, 59.274800000000006)	(117, 60.05350000000001)	(118, 59.8734)	(119, 59.27329999999999)	(120, 60.0098)	(121, 59.8841)	(122, 59.2155)	(123, 59.9768)	(124, 59.8927)	(125, 59.255)	(126, 60.0432)	(127, 59.922799999999995)	(128, 59.2272)	(129, 59.925)	(130, 59.8735)	(131, 59.2775)	(132, 60.019999999999996)	(133, 59.94239999999999)	(134, 59.214999999999996)	(135, 59.9866)	(136, 59.8634)	(137, 59.2827)	(138, 59.984)	(139, 59.8615)	(140, 59.22110000000001)	(141, 59.9883)	(142, 59.8625)	(143, 59.21300000000001)	(144, 59.9347)	(145, 59.8344)	(146, 59.214800000000004)	(147, 59.946299999999994)	(148, 59.8135)	(149, 59.227399999999996)	(150, 59.9004)
SRR39146899	(1, 61.4598)	(2, 57.8673)	(3, 59.411899999999996)	(4, 60.236000000000004)	(5, 59.8606)	(6, 60.2541)	(7, 60.1672)	(8, 59.3236)	(9, 59.8935)	(10, 59.98949999999999)	(11, 59.219500000000004)	(12, 59.7885)	(13, 59.731500000000004)	(14, 59.001000000000005)	(15, 59.685)	(16, 59.837300000000006)	(17, 59.0059)	(18, 59.8462)	(19, 59.91459999999999)	(20, 59.188700000000004)	(21, 59.8971)	(22, 59.9255)	(23, 59.1546)	(24, 59.9309)	(25, 59.9971)	(26, 59.181200000000004)	(27, 59.943400000000004)	(28, 60.056)	(29, 59.3134)	(30, 60.0757)	(31, 60.11450000000001)	(32, 59.3832)	(33, 60.10680000000001)	(34, 60.1858)	(35, 59.377)	(36, 60.1271)	(37, 60.1708)	(38, 59.5081)	(39, 60.209900000000005)	(40, 60.240899999999996)	(41, 59.486000000000004)	(42, 60.2047)	(43, 60.242399999999996)	(44, 59.457800000000006)	(45, 60.188399999999994)	(46, 60.244600000000005)	(47, 59.499199999999995)	(48, 60.196799999999996)	(49, 60.271300000000004)	(50, 59.523700000000005)	(51, 60.257099999999994)	(52, 60.2971)	(53, 59.581700000000005)	(54, 60.266200000000005)	(55, 60.312200000000004)	(56, 59.539500000000004)	(57, 60.258)	(58, 60.272000000000006)	(59, 59.5473)	(60, 60.284099999999995)	(61, 60.304100000000005)	(62, 59.5398)	(63, 60.267700000000005)	(64, 60.3562)	(65, 59.6093)	(66, 60.2003)	(67, 60.23349999999999)	(68, 59.536699999999996)	(69, 60.2785)	(70, 60.274899999999995)	(71, 59.5628)	(72, 60.1973)	(73, 60.28489999999999)	(74, 59.4807)	(75, 60.2171)	(76, 60.28639999999999)	(77, 59.5028)	(78, 60.218)	(79, 60.289899999999996)	(80, 59.5317)	(81, 60.21959999999999)	(82, 60.2576)	(83, 59.4758)	(84, 60.2152)	(85, 60.2287)	(86, 59.543800000000005)	(87, 60.23460000000001)	(88, 60.228300000000004)	(89, 59.555400000000006)	(90, 60.2378)	(91, 60.2688)	(92, 59.5824)	(93, 60.231500000000004)	(94, 60.295100000000005)	(95, 59.5479)	(96, 60.19330000000001)	(97, 60.2577)	(98, 59.547000000000004)	(99, 60.2298)	(100, 60.2074)	(101, 59.547000000000004)	(102, 60.2046)	(103, 60.226400000000005)	(104, 59.545700000000004)	(105, 60.2179)	(106, 60.25509999999999)	(107, 59.5402)	(108, 60.2164)	(109, 60.223400000000005)	(110, 59.547200000000004)	(111, 60.2386)	(112, 60.2514)	(113, 59.4935)	(114, 60.2205)	(115, 60.212900000000005)	(116, 59.544399999999996)	(117, 60.2458)	(118, 60.18130000000001)	(119, 59.5077)	(120, 60.184599999999996)	(121, 60.308099999999996)	(122, 59.5311)	(123, 60.2104)	(124, 60.25509999999999)	(125, 59.57019999999999)	(126, 60.197900000000004)	(127, 60.2205)	(128, 59.554300000000005)	(129, 60.12610000000001)	(130, 60.266)	(131, 59.5253)	(132, 60.2035)	(133, 60.227399999999996)	(134, 59.4978)	(135, 60.2436)	(136, 60.21339999999999)	(137, 59.5504)	(138, 60.1622)	(139, 60.1738)	(140, 59.5418)	(141, 60.17)	(142, 60.2221)	(143, 59.51990000000001)	(144, 60.1386)	(145, 60.174099999999996)	(146, 59.5177)	(147, 60.224999999999994)	(148, 60.1831)	(149, 59.4924)	(150, 60.168299999999995)
SRR39146900	(1, 59.630300000000005)	(2, 56.65)	(3, 58.68449999999999)	(4, 59.5553)	(5, 58.8721)	(6, 59.4488)	(7, 59.20609999999999)	(8, 58.3342)	(9, 59.0216)	(10, 58.99379999999999)	(11, 58.287299999999995)	(12, 58.98609999999999)	(13, 58.81420000000001)	(14, 58.1005)	(15, 58.891000000000005)	(16, 58.850199999999994)	(17, 58.154700000000005)	(18, 59.0278)	(19, 58.8932)	(20, 58.2967)	(21, 59.1186)	(22, 59.0274)	(23, 58.3847)	(24, 59.1808)	(25, 59.102)	(26, 58.3727)	(27, 59.2044)	(28, 59.0882)	(29, 58.4464)	(30, 59.2621)	(31, 59.1732)	(32, 58.560100000000006)	(33, 59.3406)	(34, 59.289899999999996)	(35, 58.54129999999999)	(36, 59.3188)	(37, 59.314299999999996)	(38, 58.594100000000005)	(39, 59.3802)	(40, 59.2963)	(41, 58.625400000000006)	(42, 59.4055)	(43, 59.299400000000006)	(44, 58.6291)	(45, 59.3899)	(46, 59.3406)	(47, 58.71189999999999)	(48, 59.4298)	(49, 59.3456)	(50, 58.679700000000004)	(51, 59.45009999999999)	(52, 59.36129999999999)	(53, 58.705)	(54, 59.4236)	(55, 59.3583)	(56, 58.6851)	(57, 59.436)	(58, 59.347300000000004)	(59, 58.7121)	(60, 59.48329999999999)	(61, 59.3444)	(62, 58.6766)	(63, 59.4479)	(64, 59.3665)	(65, 58.6652)	(66, 59.471799999999995)	(67, 59.3711)	(68, 58.6781)	(69, 59.457300000000004)	(70, 59.31419999999999)	(71, 58.641)	(72, 59.4244)	(73, 59.363299999999995)	(74, 58.6849)	(75, 59.5005)	(76, 59.3553)	(77, 58.695699999999995)	(78, 59.5022)	(79, 59.4071)	(80, 58.698499999999996)	(81, 59.4935)	(82, 59.3167)	(83, 58.705799999999996)	(84, 59.4692)	(85, 59.335499999999996)	(86, 58.6944)	(87, 59.4232)	(88, 59.292699999999996)	(89, 58.66909999999999)	(90, 59.448299999999996)	(91, 59.3496)	(92, 58.646)	(93, 59.4402)	(94, 59.3543)	(95, 58.7255)	(96, 59.416199999999996)	(97, 59.325)	(98, 58.7168)	(99, 59.4193)	(100, 59.3288)	(101, 58.6247)	(102, 59.4226)	(103, 59.330799999999996)	(104, 58.693799999999996)	(105, 59.46320000000001)	(106, 59.361399999999996)	(107, 58.68879999999999)	(108, 59.4097)	(109, 59.339200000000005)	(110, 58.6931)	(111, 59.41760000000001)	(112, 59.30760000000001)	(113, 58.6958)	(114, 59.4552)	(115, 59.2901)	(116, 58.7183)	(117, 59.4077)	(118, 59.2947)	(119, 58.69220000000001)	(120, 59.4562)	(121, 59.339200000000005)	(122, 58.6906)	(123, 59.440400000000004)	(124, 59.2934)	(125, 58.6872)	(126, 59.4297)	(127, 59.317699999999995)	(128, 58.7164)	(129, 59.394999999999996)	(130, 59.307500000000005)	(131, 58.710499999999996)	(132, 59.38870000000001)	(133, 59.323899999999995)	(134, 58.621500000000005)	(135, 59.3759)	(136, 59.3043)	(137, 58.6777)	(138, 59.4139)	(139, 59.3481)	(140, 58.6978)	(141, 59.4264)	(142, 59.28639999999999)	(143, 58.69950000000001)	(144, 59.4259)	(145, 59.26519999999999)	(146, 58.6616)	(147, 59.3607)	(148, 59.2402)	(149, 58.6578)	(150, 59.34160000000001)
