Sample	0	1	2	3	4	5	6	7	8	9	10	11	12	13	14	15	16	17	18	19	20	21	22	23	24	25	26	27	28	29	30	31	32	33	34	35	36	37	38	39	40	41	42	43	44	45	46	47	48	49	50	51	52	53	54	55	56	57	58	59	60	61	62	63	64	65	66	67	68	69	70	71	72	73	74	75	76	77	78	79	80	81	82	83	84	85	86	87	88	89	90	91	92	93	94	95	96	97	98	99	100	101	102	103	104	105	106	107	108	109	110	111	112	113	114	115	116	117	118	119	120	121	122	123	124	125	126	127	128	129	130	131	132	133	134	135	136	137	138	139	140	141	142	143	144	145	146	147	148	149
SRR39139285	(1, 1.87285e-05)	(2, 0.23204599999999997)	(3, 0.0)	(4, 0.013053699999999998)	(5, 0.0)	(6, 0.000599311)	(7, 0.0)	(8, 0.0)	(9, 0.0)	(10, 0.000299655)	(11, 0.0)	(12, 0.00468211)	(13, 0.0)	(14, 0.0)	(15, 7.491380000000001e-05)	(16, 0.0090833)	(17, 0.00073041)	(18, 0.0)	(19, 0.0039517)	(20, 0.0009738800000000001)	(21, 0.000374569)	(22, 0.0017042899999999998)	(23, 0.0)	(24, 0.0)	(25, 0.0)	(26, 0.000206013)	(27, 0.0)	(28, 0.0)	(29, 0.000692953)	(30, 0.0008615089999999999)	(31, 0.00280927)	(32, 0.000636768)	(33, 0.0)	(34, 0.0106939)	(35, 0.0)	(36, 0.0182977)	(37, 0.000692953)	(38, 0.0)	(39, 0.000299655)	(40, 5.61854e-05)	(41, 0.000318384)	(42, 0.00153573)	(43, 0.0)	(44, 0.0)	(45, 0.0)	(46, 0.000131099)	(47, 0.0)	(48, 0.000337112)	(49, 0.0)	(50, 0.0)	(51, 0.0)	(52, 0.00608675)	(53, 7.491380000000001e-05)	(54, 5.61854e-05)	(55, 0.0)	(56, 0.000131099)	(57, 1.87285e-05)	(58, 0.00035584099999999997)	(59, 0.0)	(60, 0.0)	(61, 3.7456900000000004e-05)	(62, 0.0)	(63, 0.000674224)	(64, 0.00024347000000000003)	(65, 0.0)	(66, 0.0)	(67, 0.0)	(68, 3.7456900000000004e-05)	(69, 0.0)	(70, 0.0005056679999999999)	(71, 0.0034273100000000003)	(72, 0.0021537699999999997)	(73, 0.0005056679999999999)	(74, 7.491380000000001e-05)	(75, 0.000674224)	(76, 0.00146082)	(77, 0.0031838400000000003)	(78, 1.87285e-05)	(79, 0.000131099)	(80, 0.0)	(81, 0.0135219)	(82, 0.0)	(83, 0.0)	(84, 0.0007865950000000001)	(85, 0.0)	(86, 0.000206013)	(87, 0.0025845300000000002)	(88, 0.00151701)	(89, 0.0)	(90, 0.00481321)	(91, 0.0)	(92, 0.0)	(93, 0.00117989)	(94, 0.000112371)	(95, 0.0)	(96, 0.0)	(97, 0.000374569)	(98, 0.00172302)	(99, 0.00108625)	(100, 0.0)	(101, 0.0)	(102, 1.87285e-05)	(103, 0.0)	(104, 0.0)	(105, 0.0005056679999999999)	(106, 0.000224741)	(107, 0.000318384)	(108, 0.0)	(109, 0.0)	(110, 0.0)	(111, 0.000262198)	(112, 0.0)	(113, 0.0)	(114, 0.0)	(115, 0.0009738800000000001)	(116, 0.0)	(117, 0.000206013)	(118, 0.0765057)	(119, 0.0)	(120, 0.00449483)	(121, 0.00280927)	(122, 0.0)	(123, 5.61854e-05)	(124, 0.0)	(125, 0.00275308)	(126, 1.87285e-05)	(127, 0.000749138)	(128, 0.000280927)	(129, 0.0018166599999999999)	(130, 0.0)	(131, 0.000561854)	(132, 0.0040453500000000005)	(133, 0.0)	(134, 0.00136718)	(135, 0.0021537699999999997)	(136, 0.0)	(137, 0.0)	(138, 0.000168556)	(139, 0.000131099)	(140, 0.000393298)	(141, 0.0)	(142, 0.0)	(143, 0.0)	(144, 0.00335239)	(145, 0.0)	(146, 0.000318384)	(147, 0.0)	(148, 0.000543125)	(149, 0.00136718)	(150, 0.0)
SRR39146138	(1, 1.79411e-05)	(2, 0.229467)	(3, 0.0)	(4, 0.0135276)	(5, 0.0)	(6, 0.0008432320000000001)	(7, 0.0)	(8, 0.0)	(9, 0.0)	(10, 0.000179411)	(11, 0.0)	(12, 0.0045391)	(13, 0.0)	(14, 0.0)	(15, 8.97056e-05)	(16, 0.00834262)	(17, 0.000520292)	(18, 0.0)	(19, 0.00380352)	(20, 0.00111235)	(21, 0.000197352)	(22, 0.00163264)	(23, 0.0)	(24, 0.0)	(25, 0.0)	(26, 0.000197352)	(27, 0.0)	(28, 0.0)	(29, 0.0008252909999999999)	(30, 0.000861173)	(31, 0.00260146)	(32, 0.0005382329999999999)	(33, 0.0)	(34, 0.0101906)	(35, 0.0)	(36, 0.0191611)	(37, 0.0008252909999999999)	(38, 0.0)	(39, 0.00021529300000000003)	(40, 7.17645e-05)	(41, 0.00021529300000000003)	(42, 0.0013097)	(43, 0.0)	(44, 0.0)	(45, 0.0)	(46, 0.000251176)	(47, 0.0)	(48, 0.000358822)	(49, 5.3823300000000004e-05)	(50, 1.79411e-05)	(51, 0.0)	(52, 0.00550792)	(53, 0.000143529)	(54, 7.17645e-05)	(55, 0.0)	(56, 0.000107647)	(57, 1.79411e-05)	(58, 0.000233234)	(59, 0.0)	(60, 0.0)	(61, 5.3823300000000004e-05)	(62, 0.0)	(63, 0.000681762)	(64, 0.00016146999999999998)	(65, 0.0)	(66, 0.0)	(67, 1.79411e-05)	(68, 0.0)	(69, 0.0)	(70, 0.0006458799999999999)	(71, 0.0034985199999999998)	(72, 0.00145323)	(73, 0.000556175)	(74, 3.58822e-05)	(75, 0.000735586)	(76, 0.00150705)	(77, 0.0029244)	(78, 0.0)	(79, 0.000125588)	(80, 0.0)	(81, 0.013635200000000002)	(82, 0.0)	(83, 0.0)	(84, 0.0007176449999999999)	(85, 0.0)	(86, 0.000143529)	(87, 0.00254764)	(88, 0.00186588)	(89, 0.0)	(90, 0.00396499)	(91, 0.0)	(92, 0.0)	(93, 0.000627939)	(94, 0.000107647)	(95, 0.0)	(96, 0.0)	(97, 0.000304999)	(98, 0.00148911)	(99, 0.00105853)	(100, 0.0)	(101, 0.0)	(102, 1.79411e-05)	(103, 3.58822e-05)	(104, 5.3823300000000004e-05)	(105, 0.000304999)	(106, 5.3823300000000004e-05)	(107, 0.00026911700000000003)	(108, 0.0)	(109, 0.0)	(110, 0.0)	(111, 0.00026911700000000003)	(112, 0.0)	(113, 0.0)	(114, 0.0)	(115, 0.000592057)	(116, 1.79411e-05)	(117, 0.000179411)	(118, 0.0778106)	(119, 0.0)	(120, 0.00437763)	(121, 0.0031396899999999997)	(122, 0.0)	(123, 3.58822e-05)	(124, 0.0)	(125, 0.00290646)	(126, 1.79411e-05)	(127, 0.000753527)	(128, 0.000412646)	(129, 0.0017761699999999999)	(130, 1.79411e-05)	(131, 0.000412646)	(132, 0.00380352)	(133, 0.0)	(134, 0.00107647)	(135, 0.0020273500000000002)	(136, 0.0)	(137, 0.0)	(138, 0.000125588)	(139, 0.000233234)	(140, 0.000430587)	(141, 0.0)	(142, 0.0)	(143, 0.0)	(144, 0.0026911699999999997)	(145, 0.0)	(146, 0.000304999)	(147, 0.0)	(148, 0.000358822)	(149, 0.0013276400000000002)	(150, 0.0)
SRR39146893	(1, 2.05608e-05)	(2, 0.23686)	(3, 0.0)	(4, 0.012953300000000001)	(5, 0.0)	(6, 0.00053458)	(7, 0.0)	(8, 0.0)	(9, 0.0)	(10, 0.000287851)	(11, 0.0)	(12, 0.00345421)	(13, 0.0)	(14, 0.0)	(15, 0.0)	(16, 0.00855328)	(17, 0.000493458)	(18, 0.0)	(19, 0.00304299)	(20, 0.000699066)	(21, 0.000246729)	(22, 0.0016654200000000001)	(23, 0.0)	(24, 0.0)	(25, 0.0)	(26, 0.000308411)	(27, 0.0)	(28, 0.0)	(29, 0.0006373840000000001)	(30, 0.0006373840000000001)	(31, 0.0025701)	(32, 0.000596262)	(33, 0.0)	(34, 0.00935515)	(35, 0.0)	(36, 0.016633699999999998)	(37, 0.000616823)	(38, 0.0)	(39, 0.000328972)	(40, 2.05608e-05)	(41, 0.000226168)	(42, 0.00111028)	(43, 4.11215e-05)	(44, 0.0)	(45, 0.0)	(46, 0.000164486)	(47, 0.0)	(48, 0.000308411)	(49, 0.0)	(50, 0.0)	(51, 0.0)	(52, 0.00555141)	(53, 6.168229999999999e-05)	(54, 2.05608e-05)	(55, 0.0)	(56, 4.11215e-05)	(57, 0.0)	(58, 0.00014392500000000002)	(59, 0.0)	(60, 0.0)	(61, 4.11215e-05)	(62, 0.0)	(63, 0.000596262)	(64, 8.22431e-05)	(65, 0.0)	(66, 2.05608e-05)	(67, 2.05608e-05)	(68, 0.0)	(69, 0.0)	(70, 0.000596262)	(71, 0.00246729)	(72, 0.00164486)	(73, 0.000514019)	(74, 2.05608e-05)	(75, 0.0007196269999999999)	(76, 0.00106916)	(77, 0.00291963)	(78, 0.0)	(79, 4.11215e-05)	(80, 0.0)	(81, 0.0108561)	(82, 0.0)	(83, 0.0)	(84, 0.0008224309999999999)	(85, 0.0)	(86, 0.00014392500000000002)	(87, 0.0021177599999999998)	(88, 0.00127477)	(89, 0.0)	(90, 0.00407103)	(91, 0.0)	(92, 0.0)	(93, 0.000555141)	(94, 6.168229999999999e-05)	(95, 0.0)	(96, 0.0)	(97, 0.000328972)	(98, 0.00129533)	(99, 0.000678505)	(100, 0.0)	(101, 0.0)	(102, 0.0)	(103, 0.0)	(104, 2.05608e-05)	(105, 0.00037009399999999996)	(106, 0.000164486)	(107, 0.000205608)	(108, 0.0)	(109, 0.0)	(110, 0.0)	(111, 0.000226168)	(112, 0.0)	(113, 2.05608e-05)	(114, 0.0)	(115, 0.000575701)	(116, 2.05608e-05)	(117, 0.00018504699999999998)	(118, 0.07601319999999999)	(119, 0.0)	(120, 0.00337197)	(121, 0.00250841)	(122, 0.0)	(123, 6.168229999999999e-05)	(124, 0.0)	(125, 0.00222056)	(126, 2.05608e-05)	(127, 0.000842991)	(128, 0.00026729)	(129, 0.00158318)	(130, 2.05608e-05)	(131, 0.0006373840000000001)	(132, 0.00316636)	(133, 0.0)	(134, 0.00111028)	(135, 0.00197383)	(136, 0.0)	(137, 0.0)	(138, 0.000102804)	(139, 0.00014392500000000002)	(140, 0.00037009399999999996)	(141, 0.0)	(142, 0.0)	(143, 0.0)	(144, 0.00291963)	(145, 0.0)	(146, 0.000246729)	(147, 0.0)	(148, 0.00037009399999999996)	(149, 0.00121309)	(150, 0.0)
SRR39146894	(1, 0.0)	(2, 0.23476500000000003)	(3, 0.0)	(4, 0.0131356)	(5, 0.0)	(6, 0.000738631)	(7, 0.0)	(8, 0.0)	(9, 0.0)	(10, 0.000339371)	(11, 0.0)	(12, 0.0045316)	(13, 0.0)	(14, 0.0)	(15, 7.9852e-05)	(16, 0.00864398)	(17, 0.0009382609999999999)	(18, 0.0)	(19, 0.0037330799999999997)	(20, 0.000918298)	(21, 0.000259519)	(22, 0.00163697)	(23, 0.0)	(24, 0.0)	(25, 0.0)	(26, 0.000299445)	(27, 0.0)	(28, 0.0)	(29, 0.000718668)	(30, 0.000918298)	(31, 0.00265508)	(32, 0.000758594)	(33, 0.0)	(34, 0.00952235)	(35, 0.0)	(36, 0.0184059)	(37, 0.000698705)	(38, 0.0)	(39, 0.00019962999999999998)	(40, 0.000139741)	(41, 0.000119778)	(42, 0.0018565600000000002)	(43, 0.0)	(44, 0.0)	(45, 1.9963e-05)	(46, 0.000139741)	(47, 0.0)	(48, 0.000299445)	(49, 0.000139741)	(50, 0.0)	(51, 0.0)	(52, 0.0060088599999999995)	(53, 1.9963e-05)	(54, 0.000179667)	(55, 0.0)	(56, 0.000139741)	(57, 0.0)	(58, 0.000519038)	(59, 0.0)	(60, 0.0)	(61, 0.000259519)	(62, 0.0)	(63, 0.000678742)	(64, 0.000439186)	(65, 0.0)	(66, 0.0)	(67, 1.9963e-05)	(68, 0.0)	(69, 0.0)	(70, 0.00059889)	(71, 0.0031940799999999997)	(72, 0.00217597)	(73, 0.00039925999999999997)	(74, 7.9852e-05)	(75, 0.000978187)	(76, 0.00125767)	(77, 0.00263512)	(78, 3.9926e-05)	(79, 3.9926e-05)	(80, 0.0)	(81, 0.013215500000000002)	(82, 0.0)	(83, 0.0)	(84, 0.0007985199999999999)	(85, 0.0)	(86, 0.00019962999999999998)	(87, 0.00289463)	(88, 0.00131756)	(89, 0.0)	(90, 0.0046713399999999995)	(91, 0.0)	(92, 0.0)	(93, 0.00105804)	(94, 0.000179667)	(95, 0.0)	(96, 0.0)	(97, 0.000259519)	(98, 0.0018366)	(99, 0.000958224)	(100, 0.0)	(101, 0.0)	(102, 0.0)	(103, 0.0)	(104, 0.0)	(105, 0.000539001)	(106, 0.000179667)	(107, 7.9852e-05)	(108, 0.0)	(109, 0.0)	(110, 0.0)	(111, 0.000259519)	(112, 0.0)	(113, 1.9963e-05)	(114, 0.0)	(115, 0.0008983349999999999)	(116, 0.0)	(117, 9.981499999999999e-05)	(118, 0.074961)	(119, 0.0)	(120, 0.0046713399999999995)	(121, 0.00267504)	(122, 0.0)	(123, 9.981499999999999e-05)	(124, 0.0)	(125, 0.00275489)	(126, 3.9926e-05)	(127, 0.000838446)	(128, 0.000359334)	(129, 0.00171682)	(130, 0.0)	(131, 0.000359334)	(132, 0.0040924099999999995)	(133, 0.0)	(134, 0.0012975900000000002)	(135, 0.0023356699999999998)	(136, 0.0)	(137, 0.0)	(138, 0.000119778)	(139, 0.000259519)	(140, 0.0006188529999999999)	(141, 0.0)	(142, 0.0)	(143, 0.0)	(144, 0.003234)	(145, 0.0)	(146, 0.000379297)	(147, 0.0)	(148, 0.00039925999999999997)	(149, 0.0013574799999999999)	(150, 0.0)
SRR39146895	(1, 0.0)	(2, 0.23207599999999998)	(3, 0.0)	(4, 0.0121558)	(5, 0.0)	(6, 0.00054824)	(7, 0.0)	(8, 0.0)	(9, 0.0)	(10, 0.00024576299999999997)	(11, 0.0)	(12, 0.00455607)	(13, 0.0)	(14, 0.0)	(15, 9.452419999999999e-05)	(16, 0.009112130000000001)	(17, 0.000604955)	(18, 0.0)	(19, 0.0035730099999999997)	(20, 0.0009830519999999999)	(21, 7.56194e-05)	(22, 0.00166363)	(23, 0.0)	(24, 0.0)	(25, 0.0)	(26, 0.00026466799999999997)	(27, 0.0)	(28, 0.0)	(29, 0.000737289)	(30, 0.000926337)	(31, 0.00276011)	(32, 0.000529335)	(33, 0.0)	(34, 0.0100763)	(35, 1.8904800000000002e-05)	(36, 0.0187725)	(37, 0.0007750979999999999)	(38, 0.0)	(39, 0.000397002)	(40, 9.452419999999999e-05)	(41, 0.000113429)	(42, 0.0011532)	(43, 0.0)	(44, 0.0)	(45, 1.8904800000000002e-05)	(46, 0.00024576299999999997)	(47, 0.0)	(48, 0.000378097)	(49, 1.8904800000000002e-05)	(50, 0.0)	(51, 0.0)	(52, 0.005709260000000001)	(53, 3.78097e-05)	(54, 0.000151239)	(55, 0.0)	(56, 7.56194e-05)	(57, 1.8904800000000002e-05)	(58, 0.000302477)	(59, 0.0)	(60, 0.0)	(61, 0.000151239)	(62, 0.0)	(63, 0.000453716)	(64, 0.000226858)	(65, 0.0)	(66, 3.78097e-05)	(67, 0.0)	(68, 0.0)	(69, 0.0)	(70, 0.000510431)	(71, 0.0031382)	(72, 0.0016447200000000001)	(73, 0.00047262099999999995)	(74, 1.8904800000000002e-05)	(75, 0.0006616689999999999)	(76, 0.001191)	(77, 0.00302477)	(78, 1.8904800000000002e-05)	(79, 0.00013233399999999998)	(80, 0.0)	(81, 0.0129309)	(82, 0.0)	(83, 0.0)	(84, 0.000718384)	(85, 0.0)	(86, 9.452419999999999e-05)	(87, 0.0024765300000000002)	(88, 0.00126662)	(89, 0.0)	(90, 0.00397002)	(91, 0.0)	(92, 0.0)	(93, 0.000737289)	(94, 0.000207953)	(95, 0.0)	(96, 0.0)	(97, 0.000321382)	(98, 0.00141786)	(99, 0.00128553)	(100, 0.0)	(101, 0.0)	(102, 0.0)	(103, 0.0)	(104, 1.8904800000000002e-05)	(105, 0.000283573)	(106, 0.00024576299999999997)	(107, 0.000170144)	(108, 0.0)	(109, 0.0)	(110, 0.0)	(111, 0.00013233399999999998)	(112, 0.0)	(113, 0.0)	(114, 0.0)	(115, 0.000642765)	(116, 1.8904800000000002e-05)	(117, 0.000189048)	(118, 0.0767915)	(119, 0.0)	(120, 0.00398892)	(121, 0.0027412)	(122, 0.0)	(123, 7.56194e-05)	(124, 0.0)	(125, 0.00279792)	(126, 7.56194e-05)	(127, 0.000718384)	(128, 0.000302477)	(129, 0.0018148600000000002)	(130, 1.8904800000000002e-05)	(131, 0.000604955)	(132, 0.00372425)	(133, 0.0)	(134, 0.000964147)	(135, 0.00207953)	(136, 0.0)	(137, 0.0)	(138, 9.452419999999999e-05)	(139, 0.000189048)	(140, 0.00054824)	(141, 0.0)	(142, 0.0)	(143, 0.0)	(144, 0.00291135)	(145, 0.0)	(146, 0.000321382)	(147, 0.0)	(148, 0.0004915259999999999)	(149, 0.00126662)	(150, 0.0)
SRR39146896	(1, 4.46091e-05)	(2, 0.229045)	(3, 0.0)	(4, 0.0134273)	(5, 0.0)	(6, 0.0006245269999999999)	(7, 0.0)	(8, 0.0)	(9, 0.0)	(10, 0.000312264)	(11, 0.0)	(12, 0.00437169)	(13, 0.0)	(14, 0.0)	(15, 2.23045e-05)	(16, 0.0078512)	(17, 0.00073605)	(18, 0.0)	(19, 0.0029219)	(20, 0.00107062)	(21, 0.000178436)	(22, 0.00140519)	(23, 0.0)	(24, 0.0)	(25, 0.0)	(26, 0.000267655)	(27, 0.0)	(28, 2.23045e-05)	(29, 0.000713745)	(30, 0.000936791)	(31, 0.00240889)	(32, 0.00044609099999999997)	(33, 0.0)	(34, 0.009479429999999999)	(35, 0.0)	(36, 0.0173529)	(37, 0.000802964)	(38, 0.0)	(39, 0.000200741)	(40, 4.46091e-05)	(41, 8.92182e-05)	(42, 0.00140519)	(43, 0.0)	(44, 0.0)	(45, 2.23045e-05)	(46, 8.92182e-05)	(47, 0.0)	(48, 0.00024535)	(49, 4.46091e-05)	(50, 0.0)	(51, 0.0)	(52, 0.00555383)	(53, 0.000133827)	(54, 0.000133827)	(55, 0.0)	(56, 0.000156132)	(57, 0.0)	(58, 0.00042378600000000005)	(59, 0.0)	(60, 0.0)	(61, 0.000200741)	(62, 0.0)	(63, 0.000535309)	(64, 0.00035687299999999996)	(65, 0.0)	(66, 0.0)	(67, 0.0)	(68, 2.23045e-05)	(69, 0.0)	(70, 0.000557614)	(71, 0.0030780300000000003)	(72, 0.0018289699999999999)	(73, 0.000289959)	(74, 4.46091e-05)	(75, 0.000557614)	(76, 0.00115984)	(77, 0.00238659)	(78, 0.0)	(79, 6.69136e-05)	(80, 0.0)	(81, 0.0124682)	(82, 0.0)	(83, 0.0)	(84, 0.000579918)	(85, 0.0)	(86, 0.000133827)	(87, 0.00207432)	(88, 0.0016282300000000003)	(89, 0.0)	(90, 0.00403712)	(91, 0.0)	(92, 0.0)	(93, 0.000825268)	(94, 0.000156132)	(95, 0.0)	(96, 0.0)	(97, 0.000156132)	(98, 0.00142749)	(99, 0.0009814)	(100, 0.0)	(101, 0.0)	(102, 0.0)	(103, 2.23045e-05)	(104, 0.0)	(105, 0.000401482)	(106, 0.000200741)	(107, 0.000312264)	(108, 0.0)	(109, 0.0)	(110, 0.0)	(111, 0.000200741)	(112, 0.0)	(113, 0.0)	(114, 0.0)	(115, 0.00073605)	(116, 0.0)	(117, 8.92182e-05)	(118, 0.0699694)	(119, 0.0)	(120, 0.0036579499999999997)	(121, 0.00205202)	(122, 0.0)	(123, 0.0)	(124, 0.0)	(125, 0.00274346)	(126, 4.46091e-05)	(127, 0.0007583549999999999)	(128, 0.00042378600000000005)	(129, 0.00158362)	(130, 0.0)	(131, 0.000334568)	(132, 0.0031226400000000003)	(133, 0.0)	(134, 0.00133827)	(135, 0.0015167099999999999)	(136, 0.0)	(137, 0.0)	(138, 8.92182e-05)	(139, 0.000289959)	(140, 0.00035687299999999996)	(141, 0.0)	(142, 0.0)	(143, 0.0)	(144, 0.00289959)	(145, 0.0)	(146, 0.000289959)	(147, 0.0)	(148, 0.00037917699999999996)	(149, 0.00109292)	(150, 0.0)
SRR39146897	(1, 1.92595e-05)	(2, 0.23631400000000002)	(3, 0.0)	(4, 0.012788299999999999)	(5, 0.0)	(6, 0.000866676)	(7, 0.0)	(8, 0.0)	(9, 0.0)	(10, 0.00034667000000000004)	(11, 0.0)	(12, 0.00516153)	(13, 0.0)	(14, 0.0)	(15, 5.7778399999999996e-05)	(16, 0.00880157)	(17, 0.000674081)	(18, 0.0)	(19, 0.0033704100000000003)	(20, 0.00127112)	(21, 0.000211854)	(22, 0.0015407600000000002)	(23, 0.0)	(24, 0.0)	(25, 0.0)	(26, 0.00019259500000000002)	(27, 0.0)	(28, 0.0)	(29, 0.000847416)	(30, 0.00100149)	(31, 0.0026000299999999997)	(32, 0.000520005)	(33, 0.0)	(34, 0.009494909999999999)	(35, 0.0)	(36, 0.0190091)	(37, 0.000770378)	(38, 0.0)	(39, 0.000308151)	(40, 7.70378e-05)	(41, 0.00017333500000000002)	(42, 0.00134816)	(43, 1.92595e-05)	(44, 0.0)	(45, 0.0)	(46, 0.000134816)	(47, 0.0)	(48, 0.00034667000000000004)	(49, 1.92595e-05)	(50, 0.0)	(51, 0.0)	(52, 0.00597043)	(53, 0.000154076)	(54, 0.000154076)	(55, 0.0)	(56, 9.62973e-05)	(57, 0.0)	(58, 0.00036593)	(59, 0.0)	(60, 0.0)	(61, 0.00017333500000000002)	(62, 0.0)	(63, 0.000597043)	(64, 0.000288892)	(65, 0.0)	(66, 1.92595e-05)	(67, 1.92595e-05)	(68, 1.92595e-05)	(69, 0.0)	(70, 0.0007126)	(71, 0.0034474400000000004)	(72, 0.0017526100000000001)	(73, 0.000423708)	(74, 7.70378e-05)	(75, 0.000558524)	(76, 0.00125186)	(77, 0.0028504)	(78, 3.85189e-05)	(79, 5.7778399999999996e-05)	(80, 0.0)	(81, 0.0140016)	(82, 0.0)	(83, 0.0)	(84, 0.000789638)	(85, 0.0)	(86, 0.00019259500000000002)	(87, 0.00217632)	(88, 0.00165631)	(89, 0.0)	(90, 0.00402523)	(91, 0.0)	(92, 0.0)	(93, 0.000828157)	(94, 7.70378e-05)	(95, 0.0)	(96, 0.0)	(97, 0.000327411)	(98, 0.0016948299999999998)	(99, 0.00121335)	(100, 0.0)	(101, 0.0)	(102, 0.0)	(103, 1.92595e-05)	(104, 0.0)	(105, 0.000442968)	(106, 0.000288892)	(107, 0.000288892)	(108, 0.0)	(109, 0.0)	(110, 0.0)	(111, 0.000231114)	(112, 0.0)	(113, 0.0)	(114, 0.0)	(115, 0.000770378)	(116, 0.0)	(117, 0.00019259500000000002)	(118, 0.0732245)	(119, 0.0)	(120, 0.00408301)	(121, 0.00265781)	(122, 0.0)	(123, 9.62973e-05)	(124, 0.0)	(125, 0.0033318899999999997)	(126, 3.85189e-05)	(127, 0.0009629730000000001)	(128, 0.000616303)	(129, 0.0018681700000000002)	(130, 0.0)	(131, 0.000577784)	(132, 0.0033896599999999996)	(133, 0.0)	(134, 0.0013096400000000002)	(135, 0.00190669)	(136, 0.0)	(137, 0.0)	(138, 0.000154076)	(139, 0.00025037299999999997)	(140, 0.000462227)	(141, 0.0)	(142, 0.0)	(143, 0.0)	(144, 0.00288892)	(145, 0.0)	(146, 0.00036593)	(147, 0.0)	(148, 0.000423708)	(149, 0.0013096400000000002)	(150, 0.0)
SRR39146898	(1, 0.0)	(2, 0.233066)	(3, 0.0)	(4, 0.013113099999999999)	(5, 0.0)	(6, 0.0008013530000000001)	(7, 0.0)	(8, 0.0)	(9, 0.0)	(10, 0.000309614)	(11, 0.0)	(12, 0.0041706799999999995)	(13, 0.0)	(14, 0.0)	(15, 9.10629e-05)	(16, 0.00892416)	(17, 0.000783141)	(18, 0.0)	(19, 0.00369715)	(20, 0.000783141)	(21, 0.000200338)	(22, 0.00136594)	(23, 0.0)	(24, 0.0)	(25, 0.0)	(26, 0.000437102)	(27, 0.0)	(28, 0.0)	(29, 0.0006738650000000001)	(30, 0.000837778)	(31, 0.00256797)	(32, 0.00071029)	(33, 0.0)	(34, 0.00992585)	(35, 3.6425100000000005e-05)	(36, 0.0183036)	(37, 0.000728503)	(38, 0.0)	(39, 0.000218551)	(40, 9.10629e-05)	(41, 0.00012748799999999998)	(42, 0.0013477300000000001)	(43, 0.0)	(44, 0.0)	(45, 3.6425100000000005e-05)	(46, 0.000218551)	(47, 0.0)	(48, 0.000291401)	(49, 1.82126e-05)	(50, 3.6425100000000005e-05)	(51, 0.0)	(52, 0.00595551)	(53, 3.6425100000000005e-05)	(54, 0.000182126)	(55, 0.0)	(56, 0.00016391300000000001)	(57, 1.82126e-05)	(58, 0.000400677)	(59, 0.0)	(60, 0.0)	(61, 0.00016391300000000001)	(62, 0.0)	(63, 0.000728503)	(64, 0.000346039)	(65, 0.0)	(66, 1.82126e-05)	(67, 1.82126e-05)	(68, 1.82126e-05)	(69, 0.0)	(70, 0.000728503)	(71, 0.0030415)	(72, 0.00183947)	(73, 0.000418889)	(74, 7.28503e-05)	(75, 0.0008195660000000001)	(76, 0.00120203)	(77, 0.0031143499999999997)	(78, 0.0)	(79, 9.10629e-05)	(80, 0.0)	(81, 0.0131859)	(82, 0.0)	(83, 0.0)	(84, 0.000764928)	(85, 0.0)	(86, 0.000109275)	(87, 0.00236763)	(88, 0.00120203)	(89, 0.0)	(90, 0.00404319)	(91, 0.0)	(92, 0.0)	(93, 0.000855991)	(94, 7.28503e-05)	(95, 3.6425100000000005e-05)	(96, 0.0)	(97, 0.000291401)	(98, 0.0014752200000000002)	(99, 0.00118382)	(100, 0.0)	(101, 0.0)	(102, 0.0)	(103, 0.0)	(104, 5.4637699999999994e-05)	(105, 0.000418889)	(106, 0.000109275)	(107, 0.000200338)	(108, 0.0)	(109, 0.0)	(110, 0.0)	(111, 0.000182126)	(112, 0.0)	(113, 3.6425100000000005e-05)	(114, 0.0)	(115, 0.000855991)	(116, 0.0)	(117, 0.00012748799999999998)	(118, 0.0753636)	(119, 0.0)	(120, 0.0037335800000000002)	(121, 0.0024222700000000002)	(122, 0.0)	(123, 7.28503e-05)	(124, 0.0)	(125, 0.0026590399999999997)	(126, 1.82126e-05)	(127, 0.000746715)	(128, 0.000273189)	(129, 0.0021490800000000003)	(130, 1.82126e-05)	(131, 0.00071029)	(132, 0.00340575)	(133, 0.0)	(134, 0.0012384499999999999)	(135, 0.00194875)	(136, 0.0)	(137, 0.0)	(138, 0.00016391300000000001)	(139, 0.000236763)	(140, 0.000619227)	(141, 0.0)	(142, 0.0)	(143, 0.0)	(144, 0.00298686)	(145, 0.0)	(146, 0.00047352699999999995)	(147, 0.0)	(148, 0.000437102)	(149, 0.00120203)	(150, 0.0)
SRR39146899	(1, 0.0)	(2, 0.22813299999999997)	(3, 0.0)	(4, 0.0128252)	(5, 0.0)	(6, 0.000928719)	(7, 0.0)	(8, 0.0)	(9, 0.0)	(10, 0.000199011)	(11, 0.0)	(12, 0.00384755)	(13, 0.0)	(14, 0.0)	(15, 0.0)	(16, 0.00762876)	(17, 0.0009729430000000001)	(18, 0.0)	(19, 0.00391389)	(20, 0.0006854830000000001)	(21, 0.000176899)	(22, 0.00187955)	(23, 0.0)	(24, 0.0)	(25, 0.0)	(26, 0.000176899)	(27, 0.0)	(28, 0.0)	(29, 0.000552809)	(30, 0.0006633699999999999)	(31, 0.00291883)	(32, 0.000486472)	(33, 0.0)	(34, 0.00880071)	(35, 2.21123e-05)	(36, 0.0178004)	(37, 0.000552809)	(38, 0.0)	(39, 0.000287461)	(40, 0.0)	(41, 6.6337e-05)	(42, 0.00148153)	(43, 0.0)	(44, 0.0)	(45, 0.0)	(46, 0.00022112300000000002)	(47, 0.0)	(48, 0.000398022)	(49, 2.21123e-05)	(50, 0.0)	(51, 0.0)	(52, 0.00499739)	(53, 6.6337e-05)	(54, 0.000110562)	(55, 0.0)	(56, 8.84494e-05)	(57, 0.0)	(58, 0.00033168499999999997)	(59, 0.0)	(60, 0.0)	(61, 0.000132674)	(62, 0.0)	(63, 0.000641258)	(64, 0.000176899)	(65, 0.0)	(66, 0.0)	(67, 0.0)	(68, 0.0)	(69, 0.0)	(70, 0.000530696)	(71, 0.00298517)	(72, 0.0017911)	(73, 0.000530696)	(74, 6.6337e-05)	(75, 0.000619146)	(76, 0.00137097)	(77, 0.00263137)	(78, 4.42247e-05)	(79, 8.84494e-05)	(80, 0.0)	(81, 0.0126262)	(82, 0.0)	(83, 0.0)	(84, 0.00101717)	(85, 0.0)	(86, 0.000132674)	(87, 0.0019901100000000002)	(88, 0.0013267399999999999)	(89, 0.0)	(90, 0.00437824)	(91, 0.0)	(92, 0.0)	(93, 0.0007960449999999999)	(94, 8.84494e-05)	(95, 2.21123e-05)	(96, 0.0)	(97, 0.000199011)	(98, 0.0019016600000000001)	(99, 0.000928719)	(100, 0.0)	(101, 0.0)	(102, 0.0)	(103, 0.0)	(104, 2.21123e-05)	(105, 0.000442247)	(106, 0.00022112300000000002)	(107, 0.000154786)	(108, 0.0)	(109, 0.0)	(110, 0.0)	(111, 0.000176899)	(112, 0.0)	(113, 2.21123e-05)	(114, 0.0)	(115, 0.0006633699999999999)	(116, 0.0)	(117, 0.000265348)	(118, 0.0735014)	(119, 0.0)	(120, 0.0037591)	(121, 0.0019016600000000001)	(122, 0.0)	(123, 4.42247e-05)	(124, 2.21123e-05)	(125, 0.0024323599999999997)	(126, 2.21123e-05)	(127, 0.0009508310000000001)	(128, 0.000353798)	(129, 0.00156998)	(130, 0.0)	(131, 0.000398022)	(132, 0.00320629)	(133, 0.0)	(134, 0.00137097)	(135, 0.0017689900000000002)	(136, 0.0)	(137, 0.0)	(138, 8.84494e-05)	(139, 0.000265348)	(140, 0.000353798)	(141, 0.0)	(142, 0.0)	(143, 0.0)	(144, 0.00338319)	(145, 0.0)	(146, 0.000309573)	(147, 0.0)	(148, 0.00033168499999999997)	(149, 0.000884494)	(150, 0.0)
SRR39146900	(1, 1.8882e-05)	(2, 0.23177699999999998)	(3, 0.0)	(4, 0.013009699999999999)	(5, 0.0)	(6, 0.0006419879999999999)	(7, 0.0)	(8, 0.0)	(9, 0.0)	(10, 0.000245466)	(11, 0.0)	(12, 0.004399510000000001)	(13, 0.0)	(14, 0.0)	(15, 1.8882e-05)	(16, 0.0084969)	(17, 0.00066087)	(18, 0.0)	(19, 0.0038519300000000004)	(20, 0.000717516)	(21, 0.00028323)	(22, 0.0016805)	(23, 0.0)	(24, 0.0)	(25, 0.0)	(26, 0.00020770199999999998)	(27, 0.0)	(28, 0.0)	(29, 0.000490932)	(30, 0.00107627)	(31, 0.0027378899999999998)	(32, 0.00047205)	(33, 0.0)	(34, 0.0100641)	(35, 0.0)	(36, 0.0182589)	(37, 0.0005098139999999999)	(38, 0.0)	(39, 0.000169938)	(40, 3.7764e-05)	(41, 0.000302112)	(42, 0.00152944)	(43, 1.8882e-05)	(44, 0.0)	(45, 1.8882e-05)	(46, 0.000169938)	(47, 0.0)	(48, 0.000245466)	(49, 9.441e-05)	(50, 0.0)	(51, 0.0)	(52, 0.00585342)	(53, 0.00018882)	(54, 0.00011329199999999999)	(55, 0.0)	(56, 7.5528e-05)	(57, 3.7764e-05)	(58, 0.00041540399999999997)	(59, 0.0)	(60, 0.0)	(61, 0.000169938)	(62, 0.0)	(63, 0.000623106)	(64, 0.000302112)	(65, 0.0)	(66, 1.8882e-05)	(67, 0.0)	(68, 1.8882e-05)	(69, 0.0)	(70, 0.00041540399999999997)	(71, 0.00343653)	(72, 0.0018882)	(73, 0.00032099399999999996)	(74, 1.8882e-05)	(75, 0.000679752)	(76, 0.0015483200000000002)	(77, 0.0023413699999999997)	(78, 0.0)	(79, 0.00011329199999999999)	(80, 0.0)	(81, 0.013349600000000001)	(82, 0.0)	(83, 0.0)	(84, 0.000793044)	(85, 0.0)	(86, 0.000264348)	(87, 0.00207702)	(88, 0.00162385)	(89, 0.0)	(90, 0.00436174)	(91, 0.0)	(92, 0.0)	(93, 0.0008874540000000001)	(94, 7.5528e-05)	(95, 0.0)	(96, 0.0)	(97, 0.00043428600000000004)	(98, 0.0014539099999999999)	(99, 0.00117068)	(100, 0.0)	(101, 0.0)	(102, 1.8882e-05)	(103, 0.0)	(104, 0.0)	(105, 0.00045316799999999994)	(106, 9.441e-05)	(107, 0.000339876)	(108, 0.0)	(109, 0.0)	(110, 0.0)	(111, 0.000302112)	(112, 0.0)	(113, 0.0)	(114, 0.0)	(115, 0.0008685720000000001)	(116, 0.0)	(117, 0.00011329199999999999)	(118, 0.076661)	(119, 0.0)	(120, 0.0038519300000000004)	(121, 0.00236025)	(122, 0.0)	(123, 5.664599999999999e-05)	(124, 0.0)	(125, 0.00270013)	(126, 3.7764e-05)	(127, 0.000793044)	(128, 0.00037764)	(129, 0.00137839)	(130, 0.0)	(131, 0.000339876)	(132, 0.00322882)	(133, 0.0)	(134, 0.00134062)	(135, 0.00164273)	(136, 0.0)	(137, 0.0)	(138, 0.00011329199999999999)	(139, 0.000264348)	(140, 0.000358758)	(141, 0.0)	(142, 0.0)	(143, 0.0)	(144, 0.0031155300000000005)	(145, 0.0)	(146, 0.000264348)	(147, 0.0)	(148, 0.00020770199999999998)	(149, 0.00128398)	(150, 0.0)
