Sample	0	1	2	3	4	5	6	7	8	9	10	11	12	13	14	15	16	17	18	19	20	21	22	23	24	25	26	27	28	29	30	31	32	33	34	35	36	37	38	39	40	41	42	43	44	45	46	47	48	49	50	51	52	53	54	55	56	57	58	59	60	61	62	63	64	65	66	67	68	69	70	71	72	73	74	75	76	77	78	79	80	81	82	83	84	85	86	87	88	89	90	91	92	93	94	95	96	97	98	99	100	101	102	103	104	105	106	107	108	109	110	111	112	113	114	115	116	117	118	119	120	121	122	123	124	125	126	127	128	129	130	131	132	133	134	135	136	137	138	139	140	141	142	143	144	145	146	147	148	149
SRR39139285	(1, 59.97280000000001)	(2, 55.8188)	(3, 57.990399999999994)	(4, 58.865199999999994)	(5, 58.206)	(6, 58.9178)	(7, 58.660500000000006)	(8, 57.8273)	(9, 58.4494)	(10, 58.4504)	(11, 57.7333)	(12, 58.485600000000005)	(13, 58.327)	(14, 57.594100000000005)	(15, 58.3543)	(16, 58.342000000000006)	(17, 57.6637)	(18, 58.5128)	(19, 58.465900000000005)	(20, 57.795399999999994)	(21, 58.5882)	(22, 58.5142)	(23, 57.736900000000006)	(24, 58.648599999999995)	(25, 58.587500000000006)	(26, 57.841699999999996)	(27, 58.6457)	(28, 58.56980000000001)	(29, 57.9153)	(30, 58.654799999999994)	(31, 58.6849)	(32, 57.9879)	(33, 58.7913)	(34, 58.705200000000005)	(35, 57.93509999999999)	(36, 58.781499999999994)	(37, 58.7673)	(38, 58.0287)	(39, 58.874)	(40, 58.76559999999999)	(41, 58.091899999999995)	(42, 58.888200000000005)	(43, 58.83930000000001)	(44, 58.0902)	(45, 58.8566)	(46, 58.811800000000005)	(47, 58.094)	(48, 58.919399999999996)	(49, 58.8318)	(50, 58.0828)	(51, 58.9414)	(52, 58.797999999999995)	(53, 58.109100000000005)	(54, 58.97520000000001)	(55, 58.859300000000005)	(56, 58.138999999999996)	(57, 58.9277)	(58, 58.8428)	(59, 58.1545)	(60, 58.897800000000004)	(61, 58.866099999999996)	(62, 58.1367)	(63, 58.8894)	(64, 58.8348)	(65, 58.1094)	(66, 58.910700000000006)	(67, 58.858999999999995)	(68, 58.1362)	(69, 58.933800000000005)	(70, 58.82730000000001)	(71, 58.131699999999995)	(72, 58.9155)	(73, 58.78020000000001)	(74, 58.1287)	(75, 58.943900000000006)	(76, 58.814699999999995)	(77, 58.089400000000005)	(78, 58.9047)	(79, 58.789899999999996)	(80, 58.114)	(81, 58.9278)	(82, 58.8208)	(83, 58.106500000000004)	(84, 58.9368)	(85, 58.8133)	(86, 58.171099999999996)	(87, 58.9291)	(88, 58.845499999999994)	(89, 58.086400000000005)	(90, 58.8739)	(91, 58.816900000000004)	(92, 58.127399999999994)	(93, 58.885799999999996)	(94, 58.826699999999995)	(95, 58.1488)	(96, 58.883799999999994)	(97, 58.824200000000005)	(98, 58.0909)	(99, 58.9078)	(100, 58.806000000000004)	(101, 58.06679999999999)	(102, 58.8515)	(103, 58.7929)	(104, 58.132099999999994)	(105, 58.8742)	(106, 58.8016)	(107, 58.1303)	(108, 58.848299999999995)	(109, 58.817699999999995)	(110, 58.1166)	(111, 58.851)	(112, 58.7679)	(113, 58.153)	(114, 58.8898)	(115, 58.7992)	(116, 58.0896)	(117, 58.8703)	(118, 58.743599999999994)	(119, 58.1441)	(120, 58.8605)	(121, 58.8058)	(122, 58.1462)	(123, 58.8649)	(124, 58.7323)	(125, 58.1318)	(126, 58.828100000000006)	(127, 58.774)	(128, 58.150999999999996)	(129, 58.831500000000005)	(130, 58.823499999999996)	(131, 58.1554)	(132, 58.7909)	(133, 58.774800000000006)	(134, 58.1181)	(135, 58.8449)	(136, 58.7404)	(137, 58.0871)	(138, 58.8245)	(139, 58.7711)	(140, 58.11110000000001)	(141, 58.8321)	(142, 58.7226)	(143, 58.0853)	(144, 58.7986)	(145, 58.7232)	(146, 58.071)	(147, 58.7584)	(148, 58.703399999999995)	(149, 58.0503)	(150, 58.7641)
SRR39146138	(1, 60.3617)	(2, 57.113400000000006)	(3, 59.0141)	(4, 60.0067)	(5, 59.417500000000004)	(6, 60.0749)	(7, 59.8504)	(8, 59.0336)	(9, 59.689499999999995)	(10, 59.7051)	(11, 58.944300000000005)	(12, 59.6391)	(13, 59.5446)	(14, 58.8072)	(15, 59.5532)	(16, 59.5437)	(17, 58.919999999999995)	(18, 59.7329)	(19, 59.7021)	(20, 58.9811)	(21, 59.826)	(22, 59.777499999999996)	(23, 59.0228)	(24, 59.8692)	(25, 59.8831)	(26, 59.107)	(27, 59.868)	(28, 59.853)	(29, 59.1401)	(30, 59.9801)	(31, 59.9429)	(32, 59.2233)	(33, 59.994400000000006)	(34, 59.961299999999994)	(35, 59.2565)	(36, 60.03960000000001)	(37, 59.981399999999994)	(38, 59.2755)	(39, 60.077400000000004)	(40, 60.016099999999994)	(41, 59.3279)	(42, 60.096799999999995)	(43, 60.041)	(44, 59.2891)	(45, 60.126599999999996)	(46, 60.0848)	(47, 59.331500000000005)	(48, 60.1239)	(49, 60.0576)	(50, 59.396899999999995)	(51, 60.1593)	(52, 60.124900000000004)	(53, 59.3779)	(54, 60.1492)	(55, 60.146699999999996)	(56, 59.3764)	(57, 60.19520000000001)	(58, 60.133199999999995)	(59, 59.397299999999994)	(60, 60.1708)	(61, 60.1594)	(62, 59.3808)	(63, 60.1834)	(64, 60.1094)	(65, 59.4144)	(66, 60.1772)	(67, 60.0689)	(68, 59.377199999999995)	(69, 60.1666)	(70, 60.0846)	(71, 59.323899999999995)	(72, 60.208600000000004)	(73, 60.0725)	(74, 59.38290000000001)	(75, 60.1475)	(76, 60.127399999999994)	(77, 59.35)	(78, 60.133199999999995)	(79, 60.1156)	(80, 59.366699999999994)	(81, 60.1772)	(82, 60.1167)	(83, 59.3662)	(84, 60.1367)	(85, 60.0729)	(86, 59.4354)	(87, 60.1648)	(88, 60.0884)	(89, 59.3588)	(90, 60.122)	(91, 60.087900000000005)	(92, 59.396499999999996)	(93, 60.1418)	(94, 60.102999999999994)	(95, 59.4114)	(96, 60.156299999999995)	(97, 60.038000000000004)	(98, 59.342600000000004)	(99, 60.1238)	(100, 60.0623)	(101, 59.367000000000004)	(102, 60.064499999999995)	(103, 60.0652)	(104, 59.371300000000005)	(105, 60.1214)	(106, 60.0584)	(107, 59.381099999999996)	(108, 60.1545)	(109, 59.996300000000005)	(110, 59.354600000000005)	(111, 60.0981)	(112, 60.042300000000004)	(113, 59.386799999999994)	(114, 60.106700000000004)	(115, 60.046299999999995)	(116, 59.377500000000005)	(117, 60.136100000000006)	(118, 60.028499999999994)	(119, 59.3698)	(120, 60.12499999999999)	(121, 60.0517)	(122, 59.3449)	(123, 60.1012)	(124, 60.0537)	(125, 59.32809999999999)	(126, 60.084)	(127, 60.02380000000001)	(128, 59.39149999999999)	(129, 60.14699999999999)	(130, 60.0176)	(131, 59.394499999999994)	(132, 60.0835)	(133, 59.9998)	(134, 59.3467)	(135, 60.0715)	(136, 60.0417)	(137, 59.337799999999994)	(138, 60.040800000000004)	(139, 59.961299999999994)	(140, 59.3383)	(141, 59.976)	(142, 59.938199999999995)	(143, 59.3343)	(144, 60.0418)	(145, 59.9692)	(146, 59.2875)	(147, 60.0311)	(148, 59.94819999999999)	(149, 59.258500000000005)	(150, 59.98909999999999)
SRR39146893	(1, 60.8281)	(2, 57.3302)	(3, 59.2179)	(4, 60.312)	(5, 59.677899999999994)	(6, 60.3857)	(7, 60.2645)	(8, 59.352799999999995)	(9, 60.113499999999995)	(10, 60.1413)	(11, 59.3222)	(12, 60.0893)	(13, 59.9799)	(14, 59.1622)	(15, 60.0155)	(16, 59.9761)	(17, 59.2285)	(18, 60.1436)	(19, 60.0782)	(20, 59.28600000000001)	(21, 60.265)	(22, 60.2083)	(23, 59.3256)	(24, 60.2324)	(25, 60.203300000000006)	(26, 59.392999999999994)	(27, 60.2858)	(28, 60.2736)	(29, 59.444399999999995)	(30, 60.3707)	(31, 60.31419999999999)	(32, 59.5234)	(33, 60.4271)	(34, 60.421)	(35, 59.5387)	(36, 60.4189)	(37, 60.41)	(38, 59.5984)	(39, 60.516999999999996)	(40, 60.448)	(41, 59.691700000000004)	(42, 60.514599999999994)	(43, 60.4789)	(44, 59.622299999999996)	(45, 60.5557)	(46, 60.5085)	(47, 59.685)	(48, 60.5917)	(49, 60.54730000000001)	(50, 59.7546)	(51, 60.5855)	(52, 60.4989)	(53, 59.739)	(54, 60.6016)	(55, 60.52610000000001)	(56, 59.741200000000006)	(57, 60.5911)	(58, 60.516999999999996)	(59, 59.6842)	(60, 60.5859)	(61, 60.565599999999996)	(62, 59.728)	(63, 60.636199999999995)	(64, 60.5491)	(65, 59.7006)	(66, 60.575199999999995)	(67, 60.5114)	(68, 59.7024)	(69, 60.5724)	(70, 60.5527)	(71, 59.7516)	(72, 60.607200000000006)	(73, 60.5392)	(74, 59.7695)	(75, 60.5861)	(76, 60.514100000000006)	(77, 59.710300000000004)	(78, 60.5685)	(79, 60.5311)	(80, 59.753)	(81, 60.5768)	(82, 60.49210000000001)	(83, 59.7295)	(84, 60.5896)	(85, 60.5196)	(86, 59.7823)	(87, 60.5648)	(88, 60.486)	(89, 59.7243)	(90, 60.553900000000006)	(91, 60.5422)	(92, 59.7189)	(93, 60.596799999999995)	(94, 60.501599999999996)	(95, 59.7857)	(96, 60.571600000000004)	(97, 60.4649)	(98, 59.77479999999999)	(99, 60.56700000000001)	(100, 60.5074)	(101, 59.7267)	(102, 60.595299999999995)	(103, 60.529999999999994)	(104, 59.785999999999994)	(105, 60.580999999999996)	(106, 60.44349999999999)	(107, 59.738)	(108, 60.5579)	(109, 60.465199999999996)	(110, 59.756299999999996)	(111, 60.5579)	(112, 60.497)	(113, 59.7568)	(114, 60.5566)	(115, 60.4649)	(116, 59.71379999999999)	(117, 60.5699)	(118, 60.451600000000006)	(119, 59.751)	(120, 60.5394)	(121, 60.4582)	(122, 59.7578)	(123, 60.5392)	(124, 60.41609999999999)	(125, 59.7117)	(126, 60.5008)	(127, 60.487199999999994)	(128, 59.72539999999999)	(129, 60.584199999999996)	(130, 60.475699999999996)	(131, 59.709199999999996)	(132, 60.54580000000001)	(133, 60.4465)	(134, 59.7006)	(135, 60.470400000000005)	(136, 60.4587)	(137, 59.716100000000004)	(138, 60.4808)	(139, 60.4336)	(140, 59.68560000000001)	(141, 60.47860000000001)	(142, 60.4346)	(143, 59.6966)	(144, 60.4907)	(145, 60.3533)	(146, 59.6904)	(147, 60.480500000000006)	(148, 60.357499999999995)	(149, 59.6881)	(150, 60.404500000000006)
SRR39146894	(1, 60.6628)	(2, 57.262100000000004)	(3, 58.9551)	(4, 59.8446)	(5, 59.32039999999999)	(6, 59.8333)	(7, 59.582)	(8, 58.818000000000005)	(9, 59.47090000000001)	(10, 59.5181)	(11, 58.7069)	(12, 59.390699999999995)	(13, 59.278)	(14, 58.5082)	(15, 59.24850000000001)	(16, 59.344699999999996)	(17, 58.605700000000006)	(18, 59.454499999999996)	(19, 59.4763)	(20, 58.733900000000006)	(21, 59.5359)	(22, 59.4873)	(23, 58.772800000000004)	(24, 59.554700000000004)	(25, 59.5435)	(26, 58.7712)	(27, 59.587599999999995)	(28, 59.55350000000001)	(29, 58.863200000000006)	(30, 59.693200000000004)	(31, 59.6618)	(32, 58.88870000000001)	(33, 59.719)	(34, 59.69989999999999)	(35, 58.952400000000004)	(36, 59.694599999999994)	(37, 59.669799999999995)	(38, 59.0336)	(39, 59.8024)	(40, 59.7565)	(41, 59.060100000000006)	(42, 59.7951)	(43, 59.7852)	(44, 59.0493)	(45, 59.83500000000001)	(46, 59.7642)	(47, 59.0921)	(48, 59.851600000000005)	(49, 59.8383)	(50, 59.132)	(51, 59.914199999999994)	(52, 59.831100000000006)	(53, 59.1009)	(54, 59.873)	(55, 59.8322)	(56, 59.1732)	(57, 59.9187)	(58, 59.853100000000005)	(59, 59.1526)	(60, 59.884899999999995)	(61, 59.7952)	(62, 59.144600000000004)	(63, 59.875699999999995)	(64, 59.85510000000001)	(65, 59.0946)	(66, 59.821400000000004)	(67, 59.852000000000004)	(68, 59.1363)	(69, 59.8788)	(70, 59.830799999999996)	(71, 59.1036)	(72, 59.825300000000006)	(73, 59.8554)	(74, 59.131)	(75, 59.8734)	(76, 59.833400000000005)	(77, 59.107699999999994)	(78, 59.8673)	(79, 59.852799999999995)	(80, 59.1441)	(81, 59.85510000000001)	(82, 59.8068)	(83, 59.0955)	(84, 59.8485)	(85, 59.8189)	(86, 59.13739999999999)	(87, 59.818099999999994)	(88, 59.8404)	(89, 59.1102)	(90, 59.84)	(91, 59.7949)	(92, 59.10809999999999)	(93, 59.8619)	(94, 59.8031)	(95, 59.1165)	(96, 59.852700000000006)	(97, 59.7573)	(98, 59.095699999999994)	(99, 59.8561)	(100, 59.7982)	(101, 59.099500000000006)	(102, 59.87479999999999)	(103, 59.786300000000004)	(104, 59.1638)	(105, 59.8337)	(106, 59.790699999999994)	(107, 59.1646)	(108, 59.8554)	(109, 59.824299999999994)	(110, 59.121599999999994)	(111, 59.8562)	(112, 59.807100000000005)	(113, 59.1191)	(114, 59.873200000000004)	(115, 59.7449)	(116, 59.11729999999999)	(117, 59.8554)	(118, 59.7545)	(119, 59.14469999999999)	(120, 59.88329999999999)	(121, 59.741299999999995)	(122, 59.133199999999995)	(123, 59.8367)	(124, 59.7827)	(125, 59.138000000000005)	(126, 59.8726)	(127, 59.805299999999995)	(128, 59.097500000000004)	(129, 59.8029)	(130, 59.7193)	(131, 59.1512)	(132, 59.8117)	(133, 59.7694)	(134, 59.14430000000001)	(135, 59.7808)	(136, 59.683699999999995)	(137, 59.11149999999999)	(138, 59.8379)	(139, 59.707600000000006)	(140, 59.0805)	(141, 59.8182)	(142, 59.713499999999996)	(143, 59.070699999999995)	(144, 59.7578)	(145, 59.7383)	(146, 59.130700000000004)	(147, 59.7458)	(148, 59.6963)	(149, 59.094)	(150, 59.7843)
SRR39146895	(1, 60.673)	(2, 57.598499999999994)	(3, 59.704100000000004)	(4, 60.5549)	(5, 59.91649999999999)	(6, 60.5055)	(7, 60.3125)	(8, 59.39020000000001)	(9, 60.0576)	(10, 59.9877)	(11, 59.3175)	(12, 60.0099)	(13, 59.8722)	(14, 59.136900000000004)	(15, 60.006899999999995)	(16, 59.9405)	(17, 59.231500000000004)	(18, 60.081300000000006)	(19, 60.057300000000005)	(20, 59.3423)	(21, 60.133700000000005)	(22, 60.1355)	(23, 59.377199999999995)	(24, 60.2482)	(25, 60.2003)	(26, 59.414199999999994)	(27, 60.2757)	(28, 60.1989)	(29, 59.5154)	(30, 60.37050000000001)	(31, 60.2352)	(32, 59.5283)	(33, 60.3497)	(34, 60.301)	(35, 59.503499999999995)	(36, 60.38099999999999)	(37, 60.3485)	(38, 59.5747)	(39, 60.4955)	(40, 60.3678)	(41, 59.649300000000004)	(42, 60.4938)	(43, 60.410399999999996)	(44, 59.696400000000004)	(45, 60.50410000000001)	(46, 60.4275)	(47, 59.64810000000001)	(48, 60.547799999999995)	(49, 60.4298)	(50, 59.7251)	(51, 60.5739)	(52, 60.4236)	(53, 59.6974)	(54, 60.5812)	(55, 60.4914)	(56, 59.7127)	(57, 60.561600000000006)	(58, 60.4572)	(59, 59.7003)	(60, 60.562000000000005)	(61, 60.501000000000005)	(62, 59.713499999999996)	(63, 60.5387)	(64, 60.449299999999994)	(65, 59.75)	(66, 60.56399999999999)	(67, 60.426500000000004)	(68, 59.7109)	(69, 60.5725)	(70, 60.4287)	(71, 59.7325)	(72, 60.567800000000005)	(73, 60.4346)	(74, 59.752)	(75, 60.5297)	(76, 60.4148)	(77, 59.6777)	(78, 60.535799999999995)	(79, 60.427)	(80, 59.7301)	(81, 60.522600000000004)	(82, 60.4132)	(83, 59.74660000000001)	(84, 60.5633)	(85, 60.416000000000004)	(86, 59.704)	(87, 60.519999999999996)	(88, 60.3856)	(89, 59.701800000000006)	(90, 60.55199999999999)	(91, 60.4442)	(92, 59.7324)	(93, 60.4998)	(94, 60.3795)	(95, 59.7137)	(96, 60.516099999999994)	(97, 60.4231)	(98, 59.6948)	(99, 60.511199999999995)	(100, 60.4019)	(101, 59.6651)	(102, 60.501000000000005)	(103, 60.4008)	(104, 59.728)	(105, 60.4938)	(106, 60.382999999999996)	(107, 59.6828)	(108, 60.5192)	(109, 60.379400000000004)	(110, 59.7358)	(111, 60.571799999999996)	(112, 60.450700000000005)	(113, 59.718700000000005)	(114, 60.558)	(115, 60.389700000000005)	(116, 59.7349)	(117, 60.519800000000004)	(118, 60.362899999999996)	(119, 59.7093)	(120, 60.4908)	(121, 60.4092)	(122, 59.70720000000001)	(123, 60.5154)	(124, 60.3557)	(125, 59.7241)	(126, 60.4919)	(127, 60.361200000000004)	(128, 59.7317)	(129, 60.5182)	(130, 60.36430000000001)	(131, 59.744699999999995)	(132, 60.487)	(133, 60.3928)	(134, 59.677800000000005)	(135, 60.441199999999995)	(136, 60.3317)	(137, 59.704299999999996)	(138, 60.4898)	(139, 60.374700000000004)	(140, 59.7185)	(141, 60.4888)	(142, 60.2944)	(143, 59.674400000000006)	(144, 60.4158)	(145, 60.3069)	(146, 59.6417)	(147, 60.4256)	(148, 60.339600000000004)	(149, 59.6319)	(150, 60.398399999999995)
SRR39146896	(1, 60.3186)	(2, 56.9379)	(3, 58.7229)	(4, 59.842600000000004)	(5, 59.1568)	(6, 59.8078)	(7, 59.6877)	(8, 58.7304)	(9, 59.440000000000005)	(10, 59.5341)	(11, 58.763)	(12, 59.4538)	(13, 59.3406)	(14, 58.5523)	(15, 59.3971)	(16, 59.4562)	(17, 58.662099999999995)	(18, 59.4978)	(19, 59.537099999999995)	(20, 58.7839)	(21, 59.6021)	(22, 59.6718)	(23, 58.7923)	(24, 59.6181)	(25, 59.668699999999994)	(26, 58.8759)	(27, 59.6656)	(28, 59.704)	(29, 58.923899999999996)	(30, 59.7381)	(31, 59.76820000000001)	(32, 59.0234)	(33, 59.846500000000006)	(34, 59.8202)	(35, 59.008799999999994)	(36, 59.8403)	(37, 59.7765)	(38, 59.061600000000006)	(39, 59.827799999999996)	(40, 59.9205)	(41, 59.17790000000001)	(42, 60.004900000000006)	(43, 59.9284)	(44, 59.125499999999995)	(45, 59.968900000000005)	(46, 59.9124)	(47, 59.191700000000004)	(48, 59.9472)	(49, 59.9486)	(50, 59.212900000000005)	(51, 59.9557)	(52, 59.9302)	(53, 59.1858)	(54, 59.982899999999994)	(55, 59.920899999999996)	(56, 59.231100000000005)	(57, 59.9696)	(58, 59.9808)	(59, 59.2063)	(60, 59.9557)	(61, 59.9297)	(62, 59.169000000000004)	(63, 59.9943)	(64, 59.932399999999994)	(65, 59.2371)	(66, 59.9442)	(67, 59.977199999999996)	(68, 59.17679999999999)	(69, 59.9669)	(70, 59.9388)	(71, 59.1592)	(72, 59.958)	(73, 59.9485)	(74, 59.2304)	(75, 59.981899999999996)	(76, 59.9538)	(77, 59.1646)	(78, 59.954499999999996)	(79, 59.907999999999994)	(80, 59.2233)	(81, 59.9272)	(82, 59.8793)	(83, 59.1972)	(84, 59.8894)	(85, 59.9391)	(86, 59.206599999999995)	(87, 59.9623)	(88, 59.9001)	(89, 59.1866)	(90, 59.924)	(91, 59.871399999999994)	(92, 59.2107)	(93, 59.9927)	(94, 59.921400000000006)	(95, 59.2421)	(96, 59.9571)	(97, 59.884800000000006)	(98, 59.2113)	(99, 59.8947)	(100, 59.870000000000005)	(101, 59.1674)	(102, 59.935300000000005)	(103, 59.91570000000001)	(104, 59.268)	(105, 59.9221)	(106, 59.9058)	(107, 59.2189)	(108, 59.9182)	(109, 59.917)	(110, 59.170100000000005)	(111, 59.9355)	(112, 59.894999999999996)	(113, 59.150000000000006)	(114, 59.9322)	(115, 59.9033)	(116, 59.1771)	(117, 59.903099999999995)	(118, 59.85660000000001)	(119, 59.200900000000004)	(120, 59.9548)	(121, 59.8781)	(122, 59.168299999999995)	(123, 59.8862)	(124, 59.904500000000006)	(125, 59.165)	(126, 59.8826)	(127, 59.8534)	(128, 59.17)	(129, 59.892199999999995)	(130, 59.837300000000006)	(131, 59.196099999999994)	(132, 59.92150000000001)	(133, 59.855599999999995)	(134, 59.16289999999999)	(135, 59.8793)	(136, 59.8395)	(137, 59.182100000000005)	(138, 59.873200000000004)	(139, 59.8654)	(140, 59.1536)	(141, 59.87820000000001)	(142, 59.8201)	(143, 59.1004)	(144, 59.7893)	(145, 59.8051)	(146, 59.09100000000001)	(147, 59.7762)	(148, 59.724900000000005)	(149, 59.147400000000005)	(150, 59.771300000000004)
SRR39146897	(1, 60.748599999999996)	(2, 57.20420000000001)	(3, 59.12539999999999)	(4, 60.232699999999994)	(5, 59.5403)	(6, 60.2271)	(7, 60.1032)	(8, 59.1468)	(9, 59.87670000000001)	(10, 59.917500000000004)	(11, 59.1167)	(12, 59.8413)	(13, 59.78)	(14, 58.9959)	(15, 59.8146)	(16, 59.83969999999999)	(17, 59.03)	(18, 59.947799999999994)	(19, 59.9508)	(20, 59.1614)	(21, 60.0162)	(22, 60.012600000000006)	(23, 59.235800000000005)	(24, 60.056200000000004)	(25, 60.0603)	(26, 59.239)	(27, 60.070299999999996)	(28, 60.0667)	(29, 59.275999999999996)	(30, 60.119299999999996)	(31, 60.185599999999994)	(32, 59.406499999999994)	(33, 60.205299999999994)	(34, 60.187000000000005)	(35, 59.3445)	(36, 60.219)	(37, 60.2047)	(38, 59.4413)	(39, 60.253)	(40, 60.3132)	(41, 59.5153)	(42, 60.3015)	(43, 60.3091)	(44, 59.4654)	(45, 60.3329)	(46, 60.324)	(47, 59.4924)	(48, 60.3405)	(49, 60.3128)	(50, 59.5495)	(51, 60.4366)	(52, 60.3418)	(53, 59.5148)	(54, 60.3533)	(55, 60.305600000000005)	(56, 59.5217)	(57, 60.3851)	(58, 60.3428)	(59, 59.5926)	(60, 60.37519999999999)	(61, 60.366699999999994)	(62, 59.5235)	(63, 60.3832)	(64, 60.3421)	(65, 59.5325)	(66, 60.349399999999996)	(67, 60.365100000000005)	(68, 59.5489)	(69, 60.406499999999994)	(70, 60.3679)	(71, 59.546299999999995)	(72, 60.3241)	(73, 60.3678)	(74, 59.54859999999999)	(75, 60.370900000000006)	(76, 60.35040000000001)	(77, 59.5531)	(78, 60.3707)	(79, 60.3578)	(80, 59.5827)	(81, 60.3348)	(82, 60.3656)	(83, 59.5538)	(84, 60.318400000000004)	(85, 60.330099999999995)	(86, 59.5603)	(87, 60.3587)	(88, 60.307599999999994)	(89, 59.5051)	(90, 60.34)	(91, 60.3645)	(92, 59.5244)	(93, 60.3423)	(94, 60.2982)	(95, 59.5162)	(96, 60.3424)	(97, 60.344699999999996)	(98, 59.5808)	(99, 60.387800000000006)	(100, 60.2978)	(101, 59.573)	(102, 60.3419)	(103, 60.30140000000001)	(104, 59.505399999999995)	(105, 60.3439)	(106, 60.3423)	(107, 59.58520000000001)	(108, 60.3424)	(109, 60.2594)	(110, 59.5826)	(111, 60.3405)	(112, 60.305)	(113, 59.55160000000001)	(114, 60.377700000000004)	(115, 60.263999999999996)	(116, 59.507600000000004)	(117, 60.29750000000001)	(118, 60.2539)	(119, 59.568200000000004)	(120, 60.30219999999999)	(121, 60.2473)	(122, 59.574400000000004)	(123, 60.3208)	(124, 60.2831)	(125, 59.526999999999994)	(126, 60.3035)	(127, 60.2561)	(128, 59.5271)	(129, 60.296400000000006)	(130, 60.2405)	(131, 59.5526)	(132, 60.339)	(133, 60.2828)	(134, 59.5517)	(135, 60.2433)	(136, 60.2618)	(137, 59.474700000000006)	(138, 60.2462)	(139, 60.216800000000006)	(140, 59.5178)	(141, 60.285900000000005)	(142, 60.243500000000004)	(143, 59.5264)	(144, 60.2398)	(145, 60.1665)	(146, 59.447700000000005)	(147, 60.2436)	(148, 60.1711)	(149, 59.45700000000001)	(150, 60.249399999999994)
SRR39146898	(1, 60.1603)	(2, 57.4956)	(3, 59.2755)	(4, 60.1526)	(5, 59.4293)	(6, 60.03659999999999)	(7, 59.825799999999994)	(8, 58.9572)	(9, 59.6357)	(10, 59.55669999999999)	(11, 58.8569)	(12, 59.50299999999999)	(13, 59.3434)	(14, 58.675399999999996)	(15, 59.5118)	(16, 59.4456)	(17, 58.712399999999995)	(18, 59.602500000000006)	(19, 59.514)	(20, 58.8766)	(21, 59.6983)	(22, 59.626400000000004)	(23, 58.8865)	(24, 59.779)	(25, 59.690200000000004)	(26, 58.972100000000005)	(27, 59.7615)	(28, 59.695100000000004)	(29, 59.048100000000005)	(30, 59.833999999999996)	(31, 59.8201)	(32, 59.0907)	(33, 59.9014)	(34, 59.781600000000005)	(35, 59.092299999999994)	(36, 59.9731)	(37, 59.8425)	(38, 59.1522)	(39, 59.983)	(40, 59.872800000000005)	(41, 59.2016)	(42, 60.0389)	(43, 59.922399999999996)	(44, 59.2549)	(45, 60.022600000000004)	(46, 59.900200000000005)	(47, 59.2726)	(48, 60.00919999999999)	(49, 59.946200000000005)	(50, 59.276300000000006)	(51, 60.0519)	(52, 59.9272)	(53, 59.231100000000005)	(54, 60.0738)	(55, 59.9297)	(56, 59.2646)	(57, 60.0297)	(58, 59.912)	(59, 59.2642)	(60, 60.054399999999994)	(61, 60.0005)	(62, 59.257099999999994)	(63, 60.0504)	(64, 59.9152)	(65, 59.2384)	(66, 60.02499999999999)	(67, 59.9355)	(68, 59.282000000000004)	(69, 60.037)	(70, 59.89790000000001)	(71, 59.25319999999999)	(72, 60.0152)	(73, 59.9408)	(74, 59.2819)	(75, 60.036199999999994)	(76, 59.9429)	(77, 59.2131)	(78, 60.040499999999994)	(79, 59.9154)	(80, 59.2506)	(81, 59.959799999999994)	(82, 59.9213)	(83, 59.2827)	(84, 60.0293)	(85, 59.9039)	(86, 59.2506)	(87, 59.962700000000005)	(88, 59.8877)	(89, 59.229299999999995)	(90, 60.006400000000006)	(91, 59.924299999999995)	(92, 59.231500000000004)	(93, 60.007200000000005)	(94, 59.8862)	(95, 59.26240000000001)	(96, 59.9918)	(97, 59.9312)	(98, 59.2193)	(99, 60.0274)	(100, 59.9139)	(101, 59.2697)	(102, 60.023)	(103, 59.924299999999995)	(104, 59.2664)	(105, 60.0176)	(106, 59.9282)	(107, 59.252)	(108, 59.9835)	(109, 59.88830000000001)	(110, 59.2457)	(111, 60.0332)	(112, 59.91459999999999)	(113, 59.2732)	(114, 59.9975)	(115, 59.90879999999999)	(116, 59.2626)	(117, 60.0295)	(118, 59.8548)	(119, 59.254799999999996)	(120, 59.9831)	(121, 59.8601)	(122, 59.1973)	(123, 59.9557)	(124, 59.86359999999999)	(125, 59.228899999999996)	(126, 60.007600000000004)	(127, 59.8895)	(128, 59.202799999999996)	(129, 59.8895)	(130, 59.8269)	(131, 59.25470000000001)	(132, 59.9793)	(133, 59.906800000000004)	(134, 59.1853)	(135, 59.9485)	(136, 59.818099999999994)	(137, 59.2443)	(138, 59.940599999999996)	(139, 59.8028)	(140, 59.189099999999996)	(141, 59.9402)	(142, 59.8203)	(143, 59.1694)	(144, 59.8777)	(145, 59.7719)	(146, 59.164899999999996)	(147, 59.888200000000005)	(148, 59.7526)	(149, 59.174400000000006)	(150, 59.8344)
SRR39146899	(1, 61.474799999999995)	(2, 57.9336)	(3, 59.445)	(4, 60.2607)	(5, 59.899800000000006)	(6, 60.2872)	(7, 60.1965)	(8, 59.372899999999994)	(9, 59.922799999999995)	(10, 60.012299999999996)	(11, 59.2557)	(12, 59.8147)	(13, 59.7634)	(14, 59.036699999999996)	(15, 59.7104)	(16, 59.8657)	(17, 59.0471)	(18, 59.8807)	(19, 59.9428)	(20, 59.2306)	(21, 59.9279)	(22, 59.9494)	(23, 59.19649999999999)	(24, 59.965599999999995)	(25, 60.0295)	(26, 59.2137)	(27, 59.96470000000001)	(28, 60.085)	(29, 59.33500000000001)	(30, 60.0729)	(31, 60.119)	(32, 59.4087)	(33, 60.113499999999995)	(34, 60.192)	(35, 59.3895)	(36, 60.1301)	(37, 60.172000000000004)	(38, 59.5287)	(39, 60.219699999999996)	(40, 60.2449)	(41, 59.499)	(42, 60.2117)	(43, 60.2405)	(44, 59.46939999999999)	(45, 60.1896)	(46, 60.250400000000006)	(47, 59.520300000000006)	(48, 60.20720000000001)	(49, 60.2873)	(50, 59.539500000000004)	(51, 60.2577)	(52, 60.2905)	(53, 59.5869)	(54, 60.2715)	(55, 60.3021)	(56, 59.5499)	(57, 60.257099999999994)	(58, 60.274300000000004)	(59, 59.5574)	(60, 60.281600000000005)	(61, 60.302299999999995)	(62, 59.5446)	(63, 60.26519999999999)	(64, 60.3518)	(65, 59.608000000000004)	(66, 60.201800000000006)	(67, 60.2242)	(68, 59.5417)	(69, 60.284099999999995)	(70, 60.273900000000005)	(71, 59.5662)	(72, 60.189499999999995)	(73, 60.276399999999995)	(74, 59.4842)	(75, 60.215399999999995)	(76, 60.272999999999996)	(77, 59.509)	(78, 60.212500000000006)	(79, 60.281600000000005)	(80, 59.5336)	(81, 60.2005)	(82, 60.248400000000004)	(83, 59.4782)	(84, 60.2156)	(85, 60.218199999999996)	(86, 59.5453)	(87, 60.2334)	(88, 60.2263)	(89, 59.5608)	(90, 60.22690000000001)	(91, 60.2553)	(92, 59.5739)	(93, 60.223000000000006)	(94, 60.277899999999995)	(95, 59.554700000000004)	(96, 60.186099999999996)	(97, 60.250899999999994)	(98, 59.552499999999995)	(99, 60.2219)	(100, 60.1916)	(101, 59.541599999999995)	(102, 60.20140000000001)	(103, 60.219500000000004)	(104, 59.546600000000005)	(105, 60.205799999999996)	(106, 60.2298)	(107, 59.5264)	(108, 60.2036)	(109, 60.206199999999995)	(110, 59.5431)	(111, 60.2183)	(112, 60.2317)	(113, 59.4877)	(114, 60.205600000000004)	(115, 60.1909)	(116, 59.533100000000005)	(117, 60.222500000000004)	(118, 60.1637)	(119, 59.50339999999999)	(120, 60.1653)	(121, 60.270999999999994)	(122, 59.512699999999995)	(123, 60.17360000000001)	(124, 60.227)	(125, 59.552400000000006)	(126, 60.1666)	(127, 60.1921)	(128, 59.518899999999995)	(129, 60.093399999999995)	(130, 60.23)	(131, 59.5004)	(132, 60.161)	(133, 60.2059)	(134, 59.47)	(135, 60.209)	(136, 60.17)	(137, 59.5228)	(138, 60.133700000000005)	(139, 60.123599999999996)	(140, 59.51499999999999)	(141, 60.1156)	(142, 60.17209999999999)	(143, 59.4695)	(144, 60.1013)	(145, 60.1045)	(146, 59.4611)	(147, 60.168)	(148, 60.1128)	(149, 59.453599999999994)	(150, 60.0994)
SRR39146900	(1, 59.6592)	(2, 56.7095)	(3, 58.72730000000001)	(4, 59.5792)	(5, 58.9163)	(6, 59.4878)	(7, 59.2372)	(8, 58.3715)	(9, 59.065400000000004)	(10, 59.02889999999999)	(11, 58.326699999999995)	(12, 59.0175)	(13, 58.8437)	(14, 58.1285)	(15, 58.9178)	(16, 58.88139999999999)	(17, 58.1906)	(18, 59.062099999999994)	(19, 58.92230000000001)	(20, 58.33669999999999)	(21, 59.1503)	(22, 59.0607)	(23, 58.4186)	(24, 59.2184)	(25, 59.128099999999996)	(26, 58.406800000000004)	(27, 59.2295)	(28, 59.119200000000006)	(29, 58.471799999999995)	(30, 59.2774)	(31, 59.1948)	(32, 58.587)	(33, 59.3507)	(34, 59.29560000000001)	(35, 58.5584)	(36, 59.325)	(37, 59.3207)	(38, 58.6108)	(39, 59.3961)	(40, 59.3016)	(41, 58.63850000000001)	(42, 59.4139)	(43, 59.312799999999996)	(44, 58.6403)	(45, 59.4009)	(46, 59.3499)	(47, 58.7247)	(48, 59.4426)	(49, 59.3514)	(50, 58.6873)	(51, 59.4494)	(52, 59.365500000000004)	(53, 58.7151)	(54, 59.4336)	(55, 59.3654)	(56, 58.697)	(57, 59.4487)	(58, 59.3573)	(59, 58.7208)	(60, 59.4823)	(61, 59.3452)	(62, 58.682)	(63, 59.4472)	(64, 59.3741)	(65, 58.672599999999996)	(66, 59.4759)	(67, 59.371700000000004)	(68, 58.687900000000006)	(69, 59.4589)	(70, 59.311800000000005)	(71, 58.650400000000005)	(72, 59.418800000000005)	(73, 59.3624)	(74, 58.687999999999995)	(75, 59.494400000000006)	(76, 59.3457)	(77, 58.695299999999996)	(78, 59.4983)	(79, 59.4058)	(80, 58.705)	(81, 59.485699999999994)	(82, 59.300200000000004)	(83, 58.713499999999996)	(84, 59.467800000000004)	(85, 59.3265)	(86, 58.6974)	(87, 59.4182)	(88, 59.2958)	(89, 58.676399999999994)	(90, 59.435300000000005)	(91, 59.344699999999996)	(92, 58.6574)	(93, 59.4313)	(94, 59.3533)	(95, 58.729299999999995)	(96, 59.4121)	(97, 59.3227)	(98, 58.7163)	(99, 59.418899999999994)	(100, 59.325300000000006)	(101, 58.6276)	(102, 59.4093)	(103, 59.3148)	(104, 58.6881)	(105, 59.4556)	(106, 59.3524)	(107, 58.69029999999999)	(108, 59.392999999999994)	(109, 59.3298)	(110, 58.6827)	(111, 59.4092)	(112, 59.2952)	(113, 58.6878)	(114, 59.4389)	(115, 59.2773)	(116, 58.7083)	(117, 59.3995)	(118, 59.270100000000006)	(119, 58.680200000000006)	(120, 59.437)	(121, 59.3087)	(122, 58.6694)	(123, 59.4124)	(124, 59.27329999999999)	(125, 58.6714)	(126, 59.40410000000001)	(127, 59.2928)	(128, 58.6969)	(129, 59.3672)	(130, 59.2698)	(131, 58.686899999999994)	(132, 59.3634)	(133, 59.285)	(134, 58.595600000000005)	(135, 59.3302)	(136, 59.271300000000004)	(137, 58.642799999999994)	(138, 59.370599999999996)	(139, 59.2944)	(140, 58.6655)	(141, 59.376)	(142, 59.23500000000001)	(143, 58.6541)	(144, 59.3838)	(145, 59.2008)	(146, 58.6186)	(147, 59.307)	(148, 59.1793)	(149, 58.6105)	(150, 59.2714)
