Sample	0	1	2	3	4	5	6	7	8	9	10	11	12	13	14	15	16	17	18	19	20	21	22	23	24	25	26	27	28	29	30	31	32	33	34	35	36	37	38	39	40	41	42	43	44	45	46	47	48	49	50	51	52	53	54	55	56	57	58	59	60	61	62	63	64	65	66	67	68	69	70	71	72	73	74	75	76	77	78	79	80	81	82	83	84	85	86	87	88	89	90	91	92	93	94	95	96	97	98	99	100	101	102	103	104	105	106	107	108	109	110	111	112	113	114	115	116	117	118	119	120	121	122	123	124	125	126	127	128	129	130	131	132	133	134	135	136	137	138	139	140	141	142	143	144	145	146	147	148	149
SRR39139285	(1, 38.696)	(2, 38.6365)	(3, 39.0578)	(4, 38.9879)	(5, 38.8615)	(6, 38.8014)	(7, 38.7182)	(8, 38.6793)	(9, 38.6352)	(10, 38.594)	(11, 38.759)	(12, 38.6895)	(13, 38.6734)	(14, 38.6231)	(15, 38.6553)	(16, 39.2766)	(17, 39.2689)	(18, 39.3099)	(19, 39.3045)	(20, 39.296)	(21, 39.3202)	(22, 39.335)	(23, 39.3127)	(24, 39.3455)	(25, 39.3416)	(26, 39.0734)	(27, 39.0651)	(28, 39.0678)	(29, 39.06)	(30, 39.0483)	(31, 39.0366)	(32, 39.0395)	(33, 39.0757)	(34, 39.0892)	(35, 39.0692)	(36, 39.1168)	(37, 39.0996)	(38, 39.0976)	(39, 39.1295)	(40, 39.1321)	(41, 39.1429)	(42, 39.1063)	(43, 39.0996)	(44, 39.0786)	(45, 39.0416)	(46, 39.0601)	(47, 39.0618)	(48, 39.0797)	(49, 39.0588)	(50, 39.0639)	(51, 39.0546)	(52, 39.0641)	(53, 39.038)	(54, 39.0753)	(55, 39.0914)	(56, 39.0719)	(57, 39.0377)	(58, 39.0289)	(59, 39.0234)	(60, 39.0143)	(61, 39.0111)	(62, 38.9971)	(63, 39.0143)	(64, 39.0342)	(65, 39.0451)	(66, 39.014)	(67, 38.9891)	(68, 39.0023)	(69, 38.9819)	(70, 38.9694)	(71, 38.9518)	(72, 38.9363)	(73, 38.9387)	(74, 38.925)	(75, 38.8996)	(76, 38.9326)	(77, 38.92)	(78, 38.9042)	(79, 38.904)	(80, 38.891)	(81, 38.9178)	(82, 38.8937)	(83, 38.8872)	(84, 38.9018)	(85, 38.8753)	(86, 38.8425)	(87, 38.8244)	(88, 38.8298)	(89, 38.8248)	(90, 38.8266)	(91, 38.8495)	(92, 38.843)	(93, 38.8126)	(94, 38.8153)	(95, 38.8106)	(96, 38.8045)	(97, 38.7922)	(98, 38.7812)	(99, 38.7775)	(100, 38.7874)	(101, 38.7741)	(102, 38.7493)	(103, 38.7429)	(104, 38.7506)	(105, 38.723)	(106, 38.7464)	(107, 38.703)	(108, 38.6118)	(109, 38.6315)	(110, 38.6258)	(111, 38.6431)	(112, 38.6534)	(113, 38.6821)	(114, 38.6639)	(115, 38.6158)	(116, 38.5589)	(117, 38.5311)	(118, 38.541)	(119, 38.5458)	(120, 38.5511)	(121, 38.5551)	(122, 38.5469)	(123, 38.5689)	(124, 38.5349)	(125, 38.5109)	(126, 38.4689)	(127, 38.4708)	(128, 38.4237)	(129, 38.3562)	(130, 38.3709)	(131, 38.3625)	(132, 38.3621)	(133, 38.3393)	(134, 38.3174)	(135, 38.2597)	(136, 38.2899)	(137, 38.2069)	(138, 38.1484)	(139, 38.0475)	(140, 38.1746)	(141, 38.1738)	(142, 38.1324)	(143, 38.0225)	(144, 38.0055)	(145, 37.9603)	(146, 37.9309)	(147, 37.8427)	(148, 37.7218)	(149, 37.8265)	(150, 37.7785)
SRR39146138	(1, 38.685)	(2, 38.6377)	(3, 39.0559)	(4, 38.986)	(5, 38.8644)	(6, 38.8037)	(7, 38.7316)	(8, 38.685)	(9, 38.6436)	(10, 38.5978)	(11, 38.7604)	(12, 38.6945)	(13, 38.6749)	(14, 38.6342)	(15, 38.6568)	(16, 39.2828)	(17, 39.2719)	(18, 39.3148)	(19, 39.3076)	(20, 39.2988)	(21, 39.3232)	(22, 39.3332)	(23, 39.3139)	(24, 39.3432)	(25, 39.3447)	(26, 39.0763)	(27, 39.0632)	(28, 39.0751)	(29, 39.0638)	(30, 39.0474)	(31, 39.0395)	(32, 39.0434)	(33, 39.0762)	(34, 39.0861)	(35, 39.0697)	(36, 39.1185)	(37, 39.1)	(38, 39.0959)	(39, 39.1321)	(40, 39.1343)	(41, 39.1387)	(42, 39.1089)	(43, 39.0958)	(44, 39.0759)	(45, 39.0412)	(46, 39.0574)	(47, 39.0611)	(48, 39.0752)	(49, 39.0526)	(50, 39.0618)	(51, 39.0479)	(52, 39.0544)	(53, 39.031)	(54, 39.0705)	(55, 39.0882)	(56, 39.0643)	(57, 39.0296)	(58, 39.0208)	(59, 39.0143)	(60, 39.0047)	(61, 39.0007)	(62, 38.9837)	(63, 39.002)	(64, 39.0233)	(65, 39.0334)	(66, 39.0035)	(67, 38.9785)	(68, 38.9887)	(69, 38.9681)	(70, 38.9566)	(71, 38.9374)	(72, 38.9211)	(73, 38.9259)	(74, 38.9114)	(75, 38.8845)	(76, 38.9168)	(77, 38.9001)	(78, 38.8887)	(79, 38.8838)	(80, 38.8685)	(81, 38.8973)	(82, 38.8729)	(83, 38.8691)	(84, 38.8831)	(85, 38.8603)	(86, 38.8195)	(87, 38.8074)	(88, 38.8075)	(89, 38.8059)	(90, 38.8088)	(91, 38.8338)	(92, 38.8243)	(93, 38.7948)	(94, 38.792)	(95, 38.7895)	(96, 38.7776)	(97, 38.7711)	(98, 38.7607)	(99, 38.7606)	(100, 38.7661)	(101, 38.7502)	(102, 38.7332)	(103, 38.7236)	(104, 38.7335)	(105, 38.6976)	(106, 38.7197)	(107, 38.6802)	(108, 38.5867)	(109, 38.6065)	(110, 38.6012)	(111, 38.6162)	(112, 38.629)	(113, 38.6554)	(114, 38.6394)	(115, 38.5876)	(116, 38.5301)	(117, 38.5063)	(118, 38.507)	(119, 38.5183)	(120, 38.5226)	(121, 38.5262)	(122, 38.5142)	(123, 38.541)	(124, 38.5031)	(125, 38.4823)	(126, 38.4359)	(127, 38.4433)	(128, 38.3951)	(129, 38.3283)	(130, 38.3384)	(131, 38.3307)	(132, 38.325)	(133, 38.3056)	(134, 38.2811)	(135, 38.2284)	(136, 38.2521)	(137, 38.1724)	(138, 38.1116)	(139, 38.0084)	(140, 38.1279)	(141, 38.1339)	(142, 38.096)	(143, 37.9823)	(144, 37.9673)	(145, 37.9153)	(146, 37.8827)	(147, 37.7956)	(148, 37.6732)	(149, 37.7853)	(150, 37.7295)
SRR39146893	(1, 38.6458)	(2, 38.5943)	(3, 39.0238)	(4, 38.9505)	(5, 38.8256)	(6, 38.7626)	(7, 38.6874)	(8, 38.642)	(9, 38.5978)	(10, 38.5474)	(11, 38.7204)	(12, 38.6448)	(13, 38.6308)	(14, 38.5784)	(15, 38.61)	(16, 39.2507)	(17, 39.2453)	(18, 39.2889)	(19, 39.2774)	(20, 39.2707)	(21, 39.2946)	(22, 39.3102)	(23, 39.2886)	(24, 39.3193)	(25, 39.3154)	(26, 39.0354)	(27, 39.0244)	(28, 39.0296)	(29, 39.0252)	(30, 39.0059)	(31, 38.9997)	(32, 38.9989)	(33, 39.0332)	(34, 39.0517)	(35, 39.0319)	(36, 39.08)	(37, 39.0613)	(38, 39.0592)	(39, 39.0937)	(40, 39.1004)	(41, 39.1059)	(42, 39.0691)	(43, 39.059)	(44, 39.0353)	(45, 38.9997)	(46, 39.0207)	(47, 39.024)	(48, 39.0376)	(49, 39.0169)	(50, 39.0232)	(51, 39.0159)	(52, 39.0203)	(53, 38.9967)	(54, 39.0343)	(55, 39.0545)	(56, 39.0322)	(57, 39.0006)	(58, 38.9871)	(59, 38.9814)	(60, 38.9732)	(61, 38.9677)	(62, 38.9498)	(63, 38.9706)	(64, 38.9963)	(65, 38.9999)	(66, 38.975)	(67, 38.9464)	(68, 38.9577)	(69, 38.9427)	(70, 38.9271)	(71, 38.9069)	(72, 38.8884)	(73, 38.8936)	(74, 38.8775)	(75, 38.853)	(76, 38.886)	(77, 38.8709)	(78, 38.8584)	(79, 38.8544)	(80, 38.8432)	(81, 38.8732)	(82, 38.8443)	(83, 38.8403)	(84, 38.8547)	(85, 38.8291)	(86, 38.7931)	(87, 38.777)	(88, 38.7831)	(89, 38.7771)	(90, 38.7791)	(91, 38.804)	(92, 38.7937)	(93, 38.7642)	(94, 38.7613)	(95, 38.7606)	(96, 38.7479)	(97, 38.7421)	(98, 38.7323)	(99, 38.7319)	(100, 38.7367)	(101, 38.7195)	(102, 38.6999)	(103, 38.6942)	(104, 38.7042)	(105, 38.6668)	(106, 38.693)	(107, 38.6498)	(108, 38.554)	(109, 38.5731)	(110, 38.5687)	(111, 38.589)	(112, 38.6011)	(113, 38.6292)	(114, 38.6119)	(115, 38.5544)	(116, 38.4964)	(117, 38.4732)	(118, 38.4786)	(119, 38.4881)	(120, 38.4959)	(121, 38.4937)	(122, 38.4877)	(123, 38.512)	(124, 38.4755)	(125, 38.4535)	(126, 38.4047)	(127, 38.4125)	(128, 38.3616)	(129, 38.2874)	(130, 38.3076)	(131, 38.2957)	(132, 38.2899)	(133, 38.2736)	(134, 38.2517)	(135, 38.1957)	(136, 38.2246)	(137, 38.1298)	(138, 38.0757)	(139, 37.9666)	(140, 38.1017)	(141, 38.1008)	(142, 38.0612)	(143, 37.9447)	(144, 37.9324)	(145, 37.8783)	(146, 37.8482)	(147, 37.7605)	(148, 37.6365)	(149, 37.7477)	(150, 37.6946)
SRR39146894	(1, 38.6699)	(2, 38.6267)	(3, 39.0541)	(4, 38.9821)	(5, 38.8683)	(6, 38.8072)	(7, 38.7379)	(8, 38.7014)	(9, 38.6566)	(10, 38.6205)	(11, 38.7766)	(12, 38.7109)	(13, 38.6895)	(14, 38.6495)	(15, 38.677)	(16, 39.2812)	(17, 39.2752)	(18, 39.3172)	(19, 39.3103)	(20, 39.3023)	(21, 39.3255)	(22, 39.3368)	(23, 39.3144)	(24, 39.3465)	(25, 39.3446)	(26, 39.0753)	(27, 39.0628)	(28, 39.0698)	(29, 39.065)	(30, 39.0489)	(31, 39.0369)	(32, 39.0424)	(33, 39.0746)	(34, 39.0886)	(35, 39.0664)	(36, 39.1158)	(37, 39.0975)	(38, 39.0962)	(39, 39.1291)	(40, 39.1322)	(41, 39.1417)	(42, 39.1091)	(43, 39.0926)	(44, 39.0763)	(45, 39.0411)	(46, 39.0631)	(47, 39.0632)	(48, 39.0787)	(49, 39.058)	(50, 39.0595)	(51, 39.0498)	(52, 39.0583)	(53, 39.0303)	(54, 39.0717)	(55, 39.0896)	(56, 39.0654)	(57, 39.0355)	(58, 39.028)	(59, 39.0215)	(60, 39.011)	(61, 39.0086)	(62, 38.9922)	(63, 39.0088)	(64, 39.0295)	(65, 39.0374)	(66, 39.0095)	(67, 38.9847)	(68, 38.9928)	(69, 38.9801)	(70, 38.9641)	(71, 38.9473)	(72, 38.9309)	(73, 38.9319)	(74, 38.9166)	(75, 38.8949)	(76, 38.9259)	(77, 38.9157)	(78, 38.8971)	(79, 38.8986)	(80, 38.8848)	(81, 38.909)	(82, 38.8874)	(83, 38.8797)	(84, 38.8967)	(85, 38.8745)	(86, 38.8376)	(87, 38.8232)	(88, 38.8236)	(89, 38.8224)	(90, 38.8235)	(91, 38.8462)	(92, 38.8371)	(93, 38.8105)	(94, 38.8161)	(95, 38.8059)	(96, 38.8016)	(97, 38.7913)	(98, 38.7788)	(99, 38.782)	(100, 38.7812)	(101, 38.7736)	(102, 38.7526)	(103, 38.7451)	(104, 38.7506)	(105, 38.7168)	(106, 38.7409)	(107, 38.701)	(108, 38.6119)	(109, 38.6353)	(110, 38.6259)	(111, 38.6419)	(112, 38.6546)	(113, 38.683)	(114, 38.6636)	(115, 38.6153)	(116, 38.5609)	(117, 38.5328)	(118, 38.5374)	(119, 38.5476)	(120, 38.5532)	(121, 38.5505)	(122, 38.5492)	(123, 38.5726)	(124, 38.532)	(125, 38.5146)	(126, 38.4683)	(127, 38.4713)	(128, 38.4316)	(129, 38.3622)	(130, 38.3709)	(131, 38.3674)	(132, 38.3616)	(133, 38.3499)	(134, 38.3219)	(135, 38.2689)	(136, 38.2999)	(137, 38.2129)	(138, 38.1549)	(139, 38.0525)	(140, 38.1761)	(141, 38.1786)	(142, 38.1367)	(143, 38.0311)	(144, 38.0166)	(145, 37.9681)	(146, 37.9387)	(147, 37.8502)	(148, 37.734)	(149, 37.8378)	(150, 37.7934)
SRR39146895	(1, 38.6879)	(2, 38.6364)	(3, 39.0615)	(4, 38.9957)	(5, 38.8712)	(6, 38.8087)	(7, 38.7329)	(8, 38.6871)	(9, 38.6423)	(10, 38.6003)	(11, 38.7666)	(12, 38.6966)	(13, 38.6801)	(14, 38.6292)	(15, 38.6647)	(16, 39.2843)	(17, 39.2787)	(18, 39.3193)	(19, 39.3119)	(20, 39.3054)	(21, 39.3281)	(22, 39.3395)	(23, 39.3199)	(24, 39.3513)	(25, 39.351)	(26, 39.0881)	(27, 39.0774)	(28, 39.0861)	(29, 39.0778)	(30, 39.0601)	(31, 39.052)	(32, 39.0507)	(33, 39.086)	(34, 39.0964)	(35, 39.0785)	(36, 39.1281)	(37, 39.1088)	(38, 39.1055)	(39, 39.1396)	(40, 39.1445)	(41, 39.1492)	(42, 39.1148)	(43, 39.1025)	(44, 39.0835)	(45, 39.0476)	(46, 39.0676)	(47, 39.0685)	(48, 39.0806)	(49, 39.0585)	(50, 39.0674)	(51, 39.052)	(52, 39.061)	(53, 39.0364)	(54, 39.0756)	(55, 39.0941)	(56, 39.0691)	(57, 39.0327)	(58, 39.023)	(59, 39.0202)	(60, 39.0076)	(61, 39.0061)	(62, 38.9889)	(63, 39.0062)	(64, 39.0269)	(65, 39.0387)	(66, 39.0043)	(67, 38.981)	(68, 38.9882)	(69, 38.9692)	(70, 38.9565)	(71, 38.9385)	(72, 38.9228)	(73, 38.9247)	(74, 38.9094)	(75, 38.8871)	(76, 38.9186)	(77, 38.897)	(78, 38.886)	(79, 38.8835)	(80, 38.8676)	(81, 38.9008)	(82, 38.8737)	(83, 38.8679)	(84, 38.8813)	(85, 38.8585)	(86, 38.8238)	(87, 38.8033)	(88, 38.8072)	(89, 38.8022)	(90, 38.8048)	(91, 38.8289)	(92, 38.8157)	(93, 38.7892)	(94, 38.7888)	(95, 38.7849)	(96, 38.7735)	(97, 38.7665)	(98, 38.753)	(99, 38.7578)	(100, 38.7572)	(101, 38.7424)	(102, 38.7219)	(103, 38.712)	(104, 38.7258)	(105, 38.6905)	(106, 38.7089)	(107, 38.6688)	(108, 38.5775)	(109, 38.5955)	(110, 38.5873)	(111, 38.6028)	(112, 38.6176)	(113, 38.6464)	(114, 38.6277)	(115, 38.5734)	(116, 38.5166)	(117, 38.4902)	(118, 38.5)	(119, 38.5056)	(120, 38.5097)	(121, 38.5131)	(122, 38.5029)	(123, 38.5273)	(124, 38.4858)	(125, 38.4596)	(126, 38.421)	(127, 38.4245)	(128, 38.3767)	(129, 38.3009)	(130, 38.32)	(131, 38.3125)	(132, 38.3022)	(133, 38.2817)	(134, 38.2679)	(135, 38.2106)	(136, 38.2311)	(137, 38.1536)	(138, 38.0892)	(139, 37.9811)	(140, 38.1144)	(141, 38.1172)	(142, 38.0677)	(143, 37.9625)	(144, 37.9453)	(145, 37.8948)	(146, 37.8639)	(147, 37.7777)	(148, 37.6542)	(149, 37.7652)	(150, 37.7104)
SRR39146896	(1, 38.5995)	(2, 38.5496)	(3, 38.9841)	(4, 38.905)	(5, 38.7725)	(6, 38.7037)	(7, 38.6291)	(8, 38.5758)	(9, 38.5332)	(10, 38.4901)	(11, 38.6674)	(12, 38.5927)	(13, 38.5756)	(14, 38.522)	(15, 38.5501)	(16, 39.214)	(17, 39.207)	(18, 39.2555)	(19, 39.2447)	(20, 39.24)	(21, 39.2634)	(22, 39.2821)	(23, 39.2569)	(24, 39.2924)	(25, 39.2865)	(26, 38.9914)	(27, 38.979)	(28, 38.9899)	(29, 38.9814)	(30, 38.9581)	(31, 38.9551)	(32, 38.9592)	(33, 38.9884)	(34, 39.0097)	(35, 38.9889)	(36, 39.04)	(37, 39.0243)	(38, 39.017)	(39, 39.0548)	(40, 39.0576)	(41, 39.0673)	(42, 39.0347)	(43, 39.021)	(44, 38.9981)	(45, 38.9585)	(46, 38.9762)	(47, 38.9812)	(48, 38.9978)	(49, 38.9725)	(50, 38.9813)	(51, 38.9704)	(52, 38.9805)	(53, 38.9522)	(54, 38.9935)	(55, 39.0135)	(56, 38.9869)	(57, 38.9542)	(58, 38.9457)	(59, 38.9342)	(60, 38.9281)	(61, 38.9253)	(62, 38.9055)	(63, 38.9256)	(64, 38.9477)	(65, 38.959)	(66, 38.9249)	(67, 38.9038)	(68, 38.9106)	(69, 38.8888)	(70, 38.8799)	(71, 38.858)	(72, 38.8414)	(73, 38.8429)	(74, 38.8291)	(75, 38.8057)	(76, 38.8367)	(77, 38.8211)	(78, 38.8063)	(79, 38.8073)	(80, 38.7887)	(81, 38.8232)	(82, 38.7935)	(83, 38.7868)	(84, 38.8034)	(85, 38.7769)	(86, 38.7354)	(87, 38.7226)	(88, 38.7227)	(89, 38.721)	(90, 38.7233)	(91, 38.7487)	(92, 38.7373)	(93, 38.7113)	(94, 38.7084)	(95, 38.7024)	(96, 38.694)	(97, 38.6828)	(98, 38.6728)	(99, 38.6706)	(100, 38.6726)	(101, 38.662)	(102, 38.6382)	(103, 38.6342)	(104, 38.6421)	(105, 38.6051)	(106, 38.6295)	(107, 38.5919)	(108, 38.4822)	(109, 38.5011)	(110, 38.4981)	(111, 38.5166)	(112, 38.5319)	(113, 38.5623)	(114, 38.5443)	(115, 38.4852)	(116, 38.4281)	(117, 38.3949)	(118, 38.4111)	(119, 38.4186)	(120, 38.4235)	(121, 38.4265)	(122, 38.4142)	(123, 38.4439)	(124, 38.3958)	(125, 38.3778)	(126, 38.3275)	(127, 38.3354)	(128, 38.2867)	(129, 38.2079)	(130, 38.2245)	(131, 38.2191)	(132, 38.2151)	(133, 38.1968)	(134, 38.1686)	(135, 38.1077)	(136, 38.1419)	(137, 38.0454)	(138, 37.9872)	(139, 37.8746)	(140, 38.0054)	(141, 38.0109)	(142, 37.97)	(143, 37.8433)	(144, 37.8356)	(145, 37.7763)	(146, 37.7458)	(147, 37.6535)	(148, 37.5246)	(149, 37.6441)	(150, 37.5871)
SRR39146897	(1, 38.6642)	(2, 38.626)	(3, 39.0498)	(4, 38.9869)	(5, 38.862)	(6, 38.8025)	(7, 38.7282)	(8, 38.691)	(9, 38.6492)	(10, 38.6017)	(11, 38.7682)	(12, 38.6999)	(13, 38.681)	(14, 38.6363)	(15, 38.6636)	(16, 39.2722)	(17, 39.268)	(18, 39.3115)	(19, 39.3014)	(20, 39.2924)	(21, 39.3185)	(22, 39.3306)	(23, 39.3078)	(24, 39.3397)	(25, 39.3369)	(26, 39.0631)	(27, 39.0556)	(28, 39.0605)	(29, 39.055)	(30, 39.0364)	(31, 39.0229)	(32, 39.0289)	(33, 39.0629)	(34, 39.0744)	(35, 39.0558)	(36, 39.099)	(37, 39.0839)	(38, 39.0789)	(39, 39.1151)	(40, 39.1158)	(41, 39.1252)	(42, 39.0907)	(43, 39.0781)	(44, 39.0593)	(45, 39.021)	(46, 39.0396)	(47, 39.0429)	(48, 39.0535)	(49, 39.0311)	(50, 39.0388)	(51, 39.0289)	(52, 39.0356)	(53, 39.0086)	(54, 39.0466)	(55, 39.0636)	(56, 39.0434)	(57, 39.0137)	(58, 39.0022)	(59, 38.9939)	(60, 38.9879)	(61, 38.9807)	(62, 38.9649)	(63, 38.9787)	(64, 39.0057)	(65, 39.0133)	(66, 38.9809)	(67, 38.9591)	(68, 38.9676)	(69, 38.9505)	(70, 38.9368)	(71, 38.9145)	(72, 38.8995)	(73, 38.8984)	(74, 38.8894)	(75, 38.8672)	(76, 38.8935)	(77, 38.8806)	(78, 38.8665)	(79, 38.8634)	(80, 38.8506)	(81, 38.8767)	(82, 38.8542)	(83, 38.8471)	(84, 38.8636)	(85, 38.8396)	(86, 38.8015)	(87, 38.7884)	(88, 38.789)	(89, 38.7838)	(90, 38.7898)	(91, 38.813)	(92, 38.802)	(93, 38.7712)	(94, 38.7736)	(95, 38.7638)	(96, 38.7586)	(97, 38.7478)	(98, 38.738)	(99, 38.7359)	(100, 38.7435)	(101, 38.726)	(102, 38.7127)	(103, 38.6999)	(104, 38.7093)	(105, 38.6718)	(106, 38.6957)	(107, 38.6578)	(108, 38.5587)	(109, 38.5787)	(110, 38.5746)	(111, 38.5903)	(112, 38.6018)	(113, 38.6347)	(114, 38.6113)	(115, 38.5577)	(116, 38.5021)	(117, 38.4813)	(118, 38.4853)	(119, 38.4851)	(120, 38.4942)	(121, 38.4993)	(122, 38.4916)	(123, 38.5134)	(124, 38.4722)	(125, 38.4557)	(126, 38.4099)	(127, 38.4102)	(128, 38.3666)	(129, 38.2943)	(130, 38.3099)	(131, 38.3014)	(132, 38.2954)	(133, 38.2777)	(134, 38.2527)	(135, 38.1948)	(136, 38.2266)	(137, 38.1454)	(138, 38.0792)	(139, 37.9767)	(140, 38.104)	(141, 38.1058)	(142, 38.0677)	(143, 37.9561)	(144, 37.9443)	(145, 37.8859)	(146, 37.8579)	(147, 37.7674)	(148, 37.6461)	(149, 37.754)	(150, 37.7063)
SRR39146898	(1, 38.6975)	(2, 38.6413)	(3, 39.0592)	(4, 38.9965)	(5, 38.8728)	(6, 38.8093)	(7, 38.735)	(8, 38.6968)	(9, 38.6495)	(10, 38.6079)	(11, 38.7747)	(12, 38.7089)	(13, 38.6843)	(14, 38.6412)	(15, 38.6686)	(16, 39.2833)	(17, 39.2778)	(18, 39.3166)	(19, 39.3112)	(20, 39.3045)	(21, 39.3305)	(22, 39.3399)	(23, 39.3191)	(24, 39.3516)	(25, 39.347)	(26, 39.0826)	(27, 39.0689)	(28, 39.077)	(29, 39.0705)	(30, 39.0551)	(31, 39.0411)	(32, 39.0498)	(33, 39.0791)	(34, 39.0938)	(35, 39.0717)	(36, 39.1214)	(37, 39.1004)	(38, 39.1001)	(39, 39.1307)	(40, 39.1377)	(41, 39.1419)	(42, 39.1112)	(43, 39.0977)	(44, 39.0776)	(45, 39.0417)	(46, 39.0625)	(47, 39.0647)	(48, 39.0753)	(49, 39.0556)	(50, 39.0614)	(51, 39.0523)	(52, 39.0578)	(53, 39.0314)	(54, 39.0692)	(55, 39.0883)	(56, 39.0664)	(57, 39.034)	(58, 39.0255)	(59, 39.0167)	(60, 39.0098)	(61, 39.0022)	(62, 38.9835)	(63, 39.0023)	(64, 39.0253)	(65, 39.0344)	(66, 39.0061)	(67, 38.9814)	(68, 38.9844)	(69, 38.9742)	(70, 38.9606)	(71, 38.9376)	(72, 38.9218)	(73, 38.9267)	(74, 38.9085)	(75, 38.8868)	(76, 38.9151)	(77, 38.9017)	(78, 38.893)	(79, 38.8883)	(80, 38.8746)	(81, 38.9)	(82, 38.8756)	(83, 38.8701)	(84, 38.8842)	(85, 38.8596)	(86, 38.8253)	(87, 38.8102)	(88, 38.8124)	(89, 38.8098)	(90, 38.8102)	(91, 38.8345)	(92, 38.8245)	(93, 38.7956)	(94, 38.7947)	(95, 38.7927)	(96, 38.7784)	(97, 38.7707)	(98, 38.7584)	(99, 38.7633)	(100, 38.763)	(101, 38.7528)	(102, 38.7296)	(103, 38.7265)	(104, 38.733)	(105, 38.6964)	(106, 38.7185)	(107, 38.6791)	(108, 38.5843)	(109, 38.6048)	(110, 38.597)	(111, 38.6186)	(112, 38.6275)	(113, 38.6588)	(114, 38.6386)	(115, 38.5871)	(116, 38.5306)	(117, 38.5014)	(118, 38.5068)	(119, 38.5158)	(120, 38.5253)	(121, 38.5222)	(122, 38.5182)	(123, 38.54)	(124, 38.5033)	(125, 38.4814)	(126, 38.4324)	(127, 38.4379)	(128, 38.3892)	(129, 38.3174)	(130, 38.3356)	(131, 38.3297)	(132, 38.3231)	(133, 38.3052)	(134, 38.2782)	(135, 38.2274)	(136, 38.2535)	(137, 38.1648)	(138, 38.1073)	(139, 38.0033)	(140, 38.1314)	(141, 38.1307)	(142, 38.0914)	(143, 37.976)	(144, 37.9688)	(145, 37.9152)	(146, 37.886)	(147, 37.7918)	(148, 37.6731)	(149, 37.7833)	(150, 37.7311)
SRR39146899	(1, 38.6561)	(2, 38.5989)	(3, 39.0255)	(4, 38.9512)	(5, 38.8197)	(6, 38.7526)	(7, 38.6746)	(8, 38.6267)	(9, 38.579)	(10, 38.533)	(11, 38.7045)	(12, 38.6333)	(13, 38.61)	(14, 38.5646)	(15, 38.5925)	(16, 39.2449)	(17, 39.24)	(18, 39.2809)	(19, 39.2735)	(20, 39.2657)	(21, 39.2901)	(22, 39.3048)	(23, 39.2837)	(24, 39.3163)	(25, 39.312)	(26, 39.0284)	(27, 39.0168)	(28, 39.025)	(29, 39.0204)	(30, 39.0011)	(31, 38.9928)	(32, 38.9969)	(33, 39.0313)	(34, 39.0448)	(35, 39.0224)	(36, 39.0742)	(37, 39.0565)	(38, 39.0502)	(39, 39.0905)	(40, 39.093)	(41, 39.099)	(42, 39.0669)	(43, 39.054)	(44, 39.0333)	(45, 38.9973)	(46, 39.0153)	(47, 39.0215)	(48, 39.0334)	(49, 39.0083)	(50, 39.015)	(51, 39.0044)	(52, 39.0116)	(53, 38.9848)	(54, 39.0283)	(55, 39.0476)	(56, 39.0233)	(57, 38.9918)	(58, 38.9791)	(59, 38.9716)	(60, 38.9645)	(61, 38.9588)	(62, 38.9408)	(63, 38.9613)	(64, 38.9879)	(65, 38.9943)	(66, 38.959)	(67, 38.9371)	(68, 38.9429)	(69, 38.9267)	(70, 38.914)	(71, 38.8952)	(72, 38.8742)	(73, 38.8799)	(74, 38.8649)	(75, 38.8422)	(76, 38.874)	(77, 38.8579)	(78, 38.8468)	(79, 38.8382)	(80, 38.8226)	(81, 38.8575)	(82, 38.8313)	(83, 38.8257)	(84, 38.8373)	(85, 38.8199)	(86, 38.7774)	(87, 38.7627)	(88, 38.7642)	(89, 38.7603)	(90, 38.765)	(91, 38.7874)	(92, 38.7717)	(93, 38.7497)	(94, 38.7502)	(95, 38.7446)	(96, 38.732)	(97, 38.7297)	(98, 38.7135)	(99, 38.7167)	(100, 38.715)	(101, 38.6992)	(102, 38.6801)	(103, 38.6759)	(104, 38.6847)	(105, 38.6502)	(106, 38.6713)	(107, 38.6297)	(108, 38.5317)	(109, 38.5518)	(110, 38.548)	(111, 38.5684)	(112, 38.5745)	(113, 38.608)	(114, 38.5862)	(115, 38.5315)	(116, 38.4733)	(117, 38.4473)	(118, 38.4603)	(119, 38.4614)	(120, 38.4685)	(121, 38.4695)	(122, 38.462)	(123, 38.4839)	(124, 38.4438)	(125, 38.4265)	(126, 38.3767)	(127, 38.3797)	(128, 38.3332)	(129, 38.2592)	(130, 38.2762)	(131, 38.2622)	(132, 38.2577)	(133, 38.2432)	(134, 38.217)	(135, 38.1576)	(136, 38.1898)	(137, 38.0972)	(138, 38.0391)	(139, 37.9313)	(140, 38.0632)	(141, 38.0681)	(142, 38.0202)	(143, 37.9042)	(144, 37.8955)	(145, 37.8341)	(146, 37.8032)	(147, 37.7179)	(148, 37.5882)	(149, 37.6982)	(150, 37.6487)
SRR39146900	(1, 38.6991)	(2, 38.6504)	(3, 39.0665)	(4, 38.9969)	(5, 38.8739)	(6, 38.814)	(7, 38.7403)	(8, 38.701)	(9, 38.6582)	(10, 38.6109)	(11, 38.7782)	(12, 38.7136)	(13, 38.6911)	(14, 38.6484)	(15, 38.673)	(16, 39.2888)	(17, 39.2843)	(18, 39.3229)	(19, 39.3124)	(20, 39.3085)	(21, 39.3341)	(22, 39.3444)	(23, 39.3231)	(24, 39.3553)	(25, 39.3493)	(26, 39.0928)	(27, 39.0812)	(28, 39.0892)	(29, 39.0828)	(30, 39.0669)	(31, 39.0525)	(32, 39.0631)	(33, 39.0927)	(34, 39.1014)	(35, 39.0808)	(36, 39.1349)	(37, 39.1173)	(38, 39.1104)	(39, 39.1441)	(40, 39.1513)	(41, 39.1567)	(42, 39.1241)	(43, 39.1115)	(44, 39.0901)	(45, 39.0568)	(46, 39.0775)	(47, 39.0786)	(48, 39.0902)	(49, 39.069)	(50, 39.0789)	(51, 39.0666)	(52, 39.074)	(53, 39.0466)	(54, 39.0901)	(55, 39.1032)	(56, 39.0838)	(57, 39.048)	(58, 39.0415)	(59, 39.0349)	(60, 39.027)	(61, 39.0216)	(62, 39.0098)	(63, 39.0231)	(64, 39.047)	(65, 39.0551)	(66, 39.0264)	(67, 39.0036)	(68, 39.008)	(69, 38.9916)	(70, 38.9811)	(71, 38.9614)	(72, 38.9477)	(73, 38.9517)	(74, 38.9387)	(75, 38.9118)	(76, 38.9447)	(77, 38.9283)	(78, 38.9142)	(79, 38.9146)	(80, 38.9)	(81, 38.9313)	(82, 38.9052)	(83, 38.8977)	(84, 38.9129)	(85, 38.8896)	(86, 38.8526)	(87, 38.8385)	(88, 38.8401)	(89, 38.8367)	(90, 38.8365)	(91, 38.8626)	(92, 38.8527)	(93, 38.8256)	(94, 38.824)	(95, 38.8189)	(96, 38.812)	(97, 38.8059)	(98, 38.792)	(99, 38.7947)	(100, 38.7995)	(101, 38.7772)	(102, 38.7637)	(103, 38.7565)	(104, 38.7656)	(105, 38.7308)	(106, 38.752)	(107, 38.7123)	(108, 38.6186)	(109, 38.6414)	(110, 38.6371)	(111, 38.6506)	(112, 38.6648)	(113, 38.6917)	(114, 38.6721)	(115, 38.6218)	(116, 38.5688)	(117, 38.5395)	(118, 38.5492)	(119, 38.5574)	(120, 38.5609)	(121, 38.5618)	(122, 38.5516)	(123, 38.5777)	(124, 38.5436)	(125, 38.5215)	(126, 38.472)	(127, 38.4793)	(128, 38.436)	(129, 38.3626)	(130, 38.3794)	(131, 38.3734)	(132, 38.37)	(133, 38.3525)	(134, 38.3298)	(135, 38.2754)	(136, 38.3026)	(137, 38.2168)	(138, 38.1628)	(139, 38.0554)	(140, 38.1821)	(141, 38.1851)	(142, 38.147)	(143, 38.0367)	(144, 38.0187)	(145, 37.9711)	(146, 37.9449)	(147, 37.8516)	(148, 37.738)	(149, 37.8401)	(150, 37.7936)
