Sample	0	1	2	3	4	5	6	7	8	9	10	11	12	13	14	15
SRR39139285_1	(1.0, 61.83225397376712)	(2.0, 24.649451415816575)	(3.0, 8.70437571197043)	(4.0, 2.9285376144459314)	(5.0, 0.862838725267835)	(6.0, 0.29396488784480196)	(7.0, 0.11995164424568691)	(8.0, 0.06546805613558945)	(9.0, 0.06401842638417136)	('>10', 0.47913954412192683)	('>50', 0.0)	('>100', 0.0)	('>500', 0.0)	('>1k', 0.0)	('>5k', 0.0)	('>10k+', 0.0)
SRR39139285_2	(1.0, 60.567888538018074)	(2.0, 25.300646898933394)	(3.0, 9.239102450869089)	(4.0, 2.934476860726594)	(5.0, 0.8746536659669586)	(6.0, 0.27487491143585896)	(7.0, 0.13154130362829386)	(8.0, 0.06220946720155558)	(9.0, 0.0650652591886352)	('>10', 0.48476777602274346)	('>50', 0.0)	('>100', 0.0)	('>500', 0.0)	('>1k', 0.06477286800883138)	('>5k', 0.0)	('>10k+', 0.0)
SRR39146138_1	(1.0, 59.62393431007747)	(2.0, 25.51633799857043)	(3.0, 9.815743290825656)	(4.0, 3.295810501080379)	(5.0, 1.0823796863382085)	(6.0, 0.3845526885679596)	(7.0, 0.12919428506510003)	(8.0, 0.06956223860275344)	(9.0, 0.025955607475844397)	('>10', 0.05652939339620021)	('>50', 0.0)	('>100', 0.0)	('>500', 0.0)	('>1k', 0.0)	('>5k', 0.0)	('>10k+', 0.0)
SRR39146138_2	(1.0, 59.40459228914715)	(2.0, 25.94361263838828)	(3.0, 9.603991163274248)	(4.0, 3.2953101902567337)	(5.0, 1.012476264485259)	(6.0, 0.4126760856854041)	(7.0, 0.12067676666026043)	(8.0, 0.06739816026939537)	(9.0, 0.024866058902405924)	('>10', 0.05865680172377996)	('>50', 0.001990067260745904)	('>100', 0.0)	('>500', 0.0)	('>1k', 0.05375351394636465)	('>5k', 0.0)	('>10k+', 0.0)
SRR39146893_1	(1.0, 61.76100612631728)	(2.0, 25.00710802286013)	(3.0, 9.056936097939966)	(4.0, 2.852878926130681)	(5.0, 0.9203277495077236)	(6.0, 0.2809890436195464)	(7.0, 0.0695075647173039)	(8.0, 0.0313909774442502)	(9.0, 0.013147808835343961)	('>10', 0.006707682627779169)	('>50', 0.0)	('>100', 0.0)	('>500', 0.0)	('>1k', 0.0)	('>5k', 0.0)	('>10k+', 0.0)
SRR39146893_2	(1.0, 61.31774689092181)	(2.0, 25.287594016461263)	(3.0, 9.139839938109258)	(4.0, 2.938716724122276)	(5.0, 0.812376937367564)	(6.0, 0.29772169798310416)	(7.0, 0.08443194711151317)	(8.0, 0.03678358534893987)	(9.0, 0.0076655922241254705)	('>10', 0.020353008228877468)	('>50', 0.0)	('>100', 0.0)	('>500', 0.0)	('>1k', 0.05676966212126241)	('>5k', 0.0)	('>10k+', 0.0)
SRR39146894_1	(1.0, 61.868341318703266)	(2.0, 24.773073934592325)	(3.0, 8.949212781504706)	(4.0, 2.9616445489077647)	(5.0, 0.9463518255468633)	(6.0, 0.28057529357814487)	(7.0, 0.11314958509847191)	(8.0, 0.05076946367511264)	(9.0, 0.014209670345837193)	('>10', 0.04079900805564882)	('>50', 0.0018725699918526533)	('>100', 0.0)	('>500', 0.0)	('>1k', 0.0)	('>5k', 0.0)	('>10k+', 0.0)
SRR39146894_2	(1.0, 60.92578627460976)	(2.0, 25.50419752912919)	(3.0, 9.065145930177716)	(4.0, 2.996408986670401)	(5.0, 0.9352289692063288)	(6.0, 0.26034465990133315)	(7.0, 0.10773614234421981)	(8.0, 0.04641678512181495)	(9.0, 0.02730809489958193)	('>10', 0.06404319261421347)	('>50', 0.0)	('>100', 0.0)	('>500', 0.0)	('>1k', 0.06738343532545599)	('>5k', 0.0)	('>10k+', 0.0)
SRR39146895_1	(1.0, 59.034518512021116)	(2.0, 25.809667326476422)	(3.0, 9.825091907239093)	(4.0, 3.355029421127804)	(5.0, 1.124428668376945)	(6.0, 0.36538682568164005)	(7.0, 0.13165778299320896)	(8.0, 0.05368180374035146)	(9.0, 0.026054432556291873)	('>10', 0.24925094862900785)	('>50', 0.02523237115801405)	('>100', 0.0)	('>500', 0.0)	('>1k', 0.0)	('>5k', 0.0)	('>10k+', 0.0)
SRR39146895_2	(1.0, 58.44553936534428)	(2.0, 26.068075422825427)	(3.0, 10.178580100028151)	(4.0, 3.344967540359584)	(5.0, 1.0553441811348094)	(6.0, 0.3568057840551408)	(7.0, 0.14008371483957363)	(8.0, 0.057949431987623416)	(9.0, 0.028213140936169324)	('>10', 0.25571328246729524)	('>50', 0.009000580375399943)	('>100', 0.0)	('>500', 0.0)	('>1k', 0.059727455646515666)	('>5k', 0.0)	('>10k+', 0.0)
SRR39146896_1	(1.0, 63.397971293865076)	(2.0, 24.11539822744781)	(3.0, 8.425682580114742)	(4.0, 2.7152530270825737)	(5.0, 0.8442842391337342)	(6.0, 0.2738733901692452)	(7.0, 0.12908059704469346)	(8.0, 0.041417703308160796)	(9.0, 0.03312985167812683)	('>10', 0.02390909015584061)	('>50', 0.0)	('>100', 0.0)	('>500', 0.0)	('>1k', 0.0)	('>5k', 0.0)	('>10k+', 0.0)
SRR39146896_2	(1.0, 62.427350314984686)	(2.0, 24.697581829777)	(3.0, 8.664040093819107)	(4.0, 2.7120466930473572)	(5.0, 0.8792426472193339)	(6.0, 0.2991427259852329)	(7.0, 0.12147321719896016)	(8.0, 0.04466132303695318)	(9.0, 0.03642337670551716)	('>10', 0.04551731300934209)	('>50', 0.0)	('>100', 0.0)	('>500', 0.0)	('>1k', 0.07252046521650861)	('>5k', 0.0)	('>10k+', 0.0)
SRR39146897_1	(1.0, 59.17075597270065)	(2.0, 25.685811466350227)	(3.0, 9.885523097702146)	(4.0, 3.4833538568731877)	(5.0, 1.184774436870668)	(6.0, 0.3577900755580796)	(7.0, 0.1394561785190736)	(8.0, 0.049536014891243284)	(9.0, 0.02178560796108847)	('>10', 0.021213292573625305)	('>50', 0.0)	('>100', 0.0)	('>500', 0.0)	('>1k', 0.0)	('>5k', 0.0)	('>10k+', 0.0)
SRR39146897_2	(1.0, 58.244650812395605)	(2.0, 26.1153827783143)	(3.0, 10.143260624644281)	(4.0, 3.5705980054301367)	(5.0, 1.2055668154509758)	(6.0, 0.4037533806831093)	(7.0, 0.13828004228428897)	(8.0, 0.04304145128188993)	(9.0, 0.022857911260099076)	('>10', 0.03628937841935464)	('>50', 0.0)	('>100', 0.0)	('>500', 0.0)	('>1k', 0.0763187998359553)	('>5k', 0.0)	('>10k+', 0.0)
SRR39146898_1	(1.0, 59.12029509605388)	(2.0, 25.553853398810578)	(3.0, 9.851067397669425)	(4.0, 3.4815197260178135)	(5.0, 1.1721622632546824)	(6.0, 0.40371660392422304)	(7.0, 0.19185951813536425)	(8.0, 0.08893118273278133)	(9.0, 0.05306712654430498)	('>10', 0.0835276868569862)	('>50', 0.0)	('>100', 0.0)	('>500', 0.0)	('>1k', 0.0)	('>5k', 0.0)	('>10k+', 0.0)
SRR39146898_2	(1.0, 58.44732269582087)	(2.0, 25.99351145834403)	(3.0, 9.985052726741065)	(4.0, 3.4258153563133007)	(5.0, 1.1993774561217765)	(6.0, 0.4432820569779326)	(7.0, 0.18856421216306588)	(8.0, 0.09316230634547648)	(9.0, 0.048707679096414255)	('>10', 0.11408498763302158)	('>50', 0.0)	('>100', 0.0)	('>500', 0.0)	('>1k', 0.06111906444308876)	('>5k', 0.0)	('>10k+', 0.0)
SRR39146899_1	(1.0, 62.754675916788685)	(2.0, 24.681903684569473)	(3.0, 8.489718783489943)	(4.0, 2.681691269735588)	(5.0, 0.8708687936287086)	(6.0, 0.3033154736519111)	(7.0, 0.1042253177870052)	(8.0, 0.048984740254667335)	(9.0, 0.023157317401259776)	('>10', 0.04145870269277307)	('>50', 0.0)	('>100', 0.0)	('>500', 0.0)	('>1k', 0.0)	('>5k', 0.0)	('>10k+', 0.0)
SRR39146899_2	(1.0, 61.70869134353808)	(2.0, 25.27828569623587)	(3.0, 8.768868648477167)	(4.0, 2.8044816593999076)	(5.0, 0.8503529832944381)	(6.0, 0.2840291044963394)	(7.0, 0.10523182959512288)	(8.0, 0.04569166480181071)	(9.0, 0.01873600202740832)	('>10', 0.06774833746550797)	('>50', 0.0)	('>100', 0.0)	('>500', 0.0)	('>1k', 0.067882730668352)	('>5k', 0.0)	('>10k+', 0.0)
SRR39146900_1	(1.0, 61.22200873809125)	(2.0, 24.385676732971334)	(3.0, 8.67942308418257)	(4.0, 2.829643367300311)	(5.0, 1.0032561953217405)	(6.0, 0.3640358288403446)	(7.0, 0.2121559799932491)	(8.0, 0.15980984582888239)	(9.0, 0.13771914865438065)	('>10', 1.0062710788158966)	('>50', 0.0)	('>100', 0.0)	('>500', 0.0)	('>1k', 0.0)	('>5k', 0.0)	('>10k+', 0.0)
SRR39146900_2	(1.0, 60.23882923700078)	(2.0, 24.97502108613283)	(3.0, 8.849055296224046)	(4.0, 2.962192328056641)	(5.0, 0.9954092926390712)	(6.0, 0.4005343607958083)	(7.0, 0.2109874716245775)	(8.0, 0.16402249760998117)	(9.0, 0.13657530029471168)	('>10', 1.013296472843644)	('>50', 0.0)	('>100', 0.0097387122491428)	('>500', 0.0)	('>1k', 0.04433794452878087)	('>5k', 0.0)	('>10k+', 0.0)
