Sample	0	1	2	3	4	5	6	7	8	9	10	11	12	13	14	15	16	17	18	19	20	21	22	23	24	25	26	27	28	29	30	31	32	33	34	35	36	37	38	39	40	41	42	43	44	45	46	47	48	49	50	51	52	53	54	55	56	57	58	59	60	61	62	63	64	65	66	67	68	69	70	71	72	73	74	75	76	77	78	79	80	81	82	83	84	85	86	87	88	89	90	91	92	93	94	95	96	97	98	99	100	101	102	103	104	105	106	107	108	109	110	111	112	113	114	115	116	117	118	119	120	121	122	123	124	125	126	127	128	129	130	131	132	133	134	135	136	137	138	139	140	141	142	143	144	145	146	147	148	149
SRR39139285	(1, 37.8157)	(2, 38.4784)	(3, 38.8525)	(4, 38.9042)	(5, 38.925)	(6, 38.9238)	(7, 38.9145)	(8, 38.9289)	(9, 38.9973)	(10, 39.0308)	(11, 39.0487)	(12, 39.0633)	(13, 39.0763)	(14, 39.0457)	(15, 39.0683)	(16, 39.1325)	(17, 39.1324)	(18, 39.1508)	(19, 39.147)	(20, 39.1501)	(21, 39.1497)	(22, 39.1487)	(23, 39.139)	(24, 39.133)	(25, 39.1583)	(26, 38.8003)	(27, 38.8036)	(28, 38.7769)	(29, 38.7773)	(30, 38.7544)	(31, 38.7733)	(32, 38.7959)	(33, 38.7959)	(34, 38.8219)	(35, 38.8187)	(36, 38.7678)	(37, 38.7512)	(38, 38.713)	(39, 38.7646)	(40, 38.7644)	(41, 38.7636)	(42, 38.7832)	(43, 38.81)	(44, 38.7864)	(45, 38.7716)	(46, 38.7985)	(47, 38.7602)	(48, 38.7877)	(49, 38.7827)	(50, 38.7472)	(51, 38.7535)	(52, 38.7467)	(53, 38.7561)	(54, 38.7651)	(55, 38.7798)	(56, 38.7617)	(57, 38.7467)	(58, 38.7029)	(59, 38.6642)	(60, 38.7615)	(61, 38.7457)	(62, 38.7151)	(63, 38.6998)	(64, 38.6852)	(65, 38.6688)	(66, 38.6538)	(67, 38.6937)	(68, 38.6981)	(69, 38.6981)	(70, 38.667)	(71, 38.6279)	(72, 38.6243)	(73, 38.631)	(74, 38.6292)	(75, 38.6283)	(76, 38.6389)	(77, 38.5928)	(78, 38.6142)	(79, 38.5877)	(80, 38.6143)	(81, 38.5705)	(82, 38.5496)	(83, 38.5523)	(84, 38.5464)	(85, 38.5497)	(86, 38.5303)	(87, 38.5443)	(88, 38.5461)	(89, 38.5125)	(90, 38.51)	(91, 38.5022)	(92, 38.4939)	(93, 38.437)	(94, 38.4606)	(95, 38.4562)	(96, 38.4544)	(97, 38.418)	(98, 38.463)	(99, 38.399)	(100, 38.3668)	(101, 38.3878)	(102, 38.3351)	(103, 38.3445)	(104, 38.3069)	(105, 38.3153)	(106, 38.287)	(107, 38.3022)	(108, 38.2381)	(109, 38.2201)	(110, 38.2409)	(111, 38.2271)	(112, 38.1577)	(113, 38.2479)	(114, 38.1771)	(115, 38.1693)	(116, 38.1786)	(117, 38.1918)	(118, 38.1676)	(119, 38.1266)	(120, 38.1035)	(121, 38.0611)	(122, 38.077)	(123, 38.032)	(124, 38.0296)	(125, 37.8762)	(126, 37.8154)	(127, 37.849)	(128, 37.8326)	(129, 37.9136)	(130, 37.815)	(131, 37.8581)	(132, 37.7271)	(133, 37.7968)	(134, 37.7517)	(135, 37.7018)	(136, 37.6889)	(137, 37.6153)	(138, 37.5576)	(139, 37.621)	(140, 37.5798)	(141, 37.4738)	(142, 37.5482)	(143, 37.4213)	(144, 37.5444)	(145, 37.5245)	(146, 37.4814)	(147, 37.257)	(148, 37.2523)	(149, 37.1296)	(150, 37.227)
SRR39146138	(1, 37.7972)	(2, 38.5534)	(3, 38.8598)	(4, 38.8713)	(5, 38.8955)	(6, 38.9039)	(7, 38.8908)	(8, 38.8965)	(9, 38.9658)	(10, 38.9823)	(11, 39.0057)	(12, 39.0224)	(13, 39.0395)	(14, 39.0158)	(15, 39.0378)	(16, 39.0952)	(17, 39.0926)	(18, 39.109)	(19, 39.106)	(20, 39.103)	(21, 39.1092)	(22, 39.107)	(23, 39.1014)	(24, 39.0972)	(25, 39.1204)	(26, 38.7678)	(27, 38.7701)	(28, 38.7564)	(29, 38.7579)	(30, 38.7397)	(31, 38.7535)	(32, 38.7737)	(33, 38.763)	(34, 38.7883)	(35, 38.785)	(36, 38.7252)	(37, 38.7083)	(38, 38.6645)	(39, 38.7182)	(40, 38.7075)	(41, 38.7057)	(42, 38.7239)	(43, 38.7529)	(44, 38.7337)	(45, 38.7148)	(46, 38.7371)	(47, 38.7038)	(48, 38.7282)	(49, 38.7254)	(50, 38.6893)	(51, 38.701)	(52, 38.685)	(53, 38.6997)	(54, 38.7118)	(55, 38.7302)	(56, 38.7152)	(57, 38.6916)	(58, 38.6469)	(59, 38.6102)	(60, 38.7103)	(61, 38.6958)	(62, 38.6635)	(63, 38.6464)	(64, 38.6378)	(65, 38.6195)	(66, 38.6006)	(67, 38.6418)	(68, 38.648)	(69, 38.6473)	(70, 38.62)	(71, 38.5824)	(72, 38.5788)	(73, 38.5856)	(74, 38.5807)	(75, 38.577)	(76, 38.5901)	(77, 38.5454)	(78, 38.5625)	(79, 38.5425)	(80, 38.5651)	(81, 38.5204)	(82, 38.4979)	(83, 38.5052)	(84, 38.4942)	(85, 38.5013)	(86, 38.485)	(87, 38.4911)	(88, 38.4903)	(89, 38.4621)	(90, 38.4556)	(91, 38.4496)	(92, 38.438)	(93, 38.3858)	(94, 38.4062)	(95, 38.4048)	(96, 38.4039)	(97, 38.366)	(98, 38.4099)	(99, 38.3469)	(100, 38.3172)	(101, 38.328)	(102, 38.2807)	(103, 38.2899)	(104, 38.2505)	(105, 38.2604)	(106, 38.233)	(107, 38.2362)	(108, 38.1804)	(109, 38.1596)	(110, 38.1864)	(111, 38.1664)	(112, 38.1002)	(113, 38.1843)	(114, 38.1156)	(115, 38.1113)	(116, 38.1161)	(117, 38.1279)	(118, 38.1048)	(119, 38.0642)	(120, 38.042)	(121, 37.9916)	(122, 38.0119)	(123, 37.9609)	(124, 37.9612)	(125, 37.8086)	(126, 37.7457)	(127, 37.7755)	(128, 37.7655)	(129, 37.8426)	(130, 37.735)	(131, 37.7846)	(132, 37.6515)	(133, 37.7233)	(134, 37.6753)	(135, 37.6267)	(136, 37.6116)	(137, 37.5372)	(138, 37.4779)	(139, 37.5407)	(140, 37.4987)	(141, 37.3891)	(142, 37.4637)	(143, 37.3385)	(144, 37.4519)	(145, 37.4369)	(146, 37.3913)	(147, 37.1645)	(148, 37.1556)	(149, 37.0372)	(150, 37.1357)
SRR39146893	(1, 37.591)	(2, 38.3477)	(3, 38.6924)	(4, 38.7549)	(5, 38.7802)	(6, 38.8003)	(7, 38.8024)	(8, 38.8189)	(9, 38.8843)	(10, 38.9053)	(11, 38.9281)	(12, 38.9447)	(13, 38.9624)	(14, 38.9394)	(15, 38.9631)	(16, 39.0247)	(17, 39.0233)	(18, 39.0438)	(19, 39.0408)	(20, 39.0392)	(21, 39.0422)	(22, 39.0428)	(23, 39.0308)	(24, 39.0288)	(25, 39.0519)	(26, 38.6483)	(27, 38.6511)	(28, 38.6381)	(29, 38.6427)	(30, 38.6215)	(31, 38.6406)	(32, 38.6618)	(33, 38.6503)	(34, 38.6826)	(35, 38.6788)	(36, 38.6196)	(37, 38.6072)	(38, 38.5529)	(39, 38.6107)	(40, 38.601)	(41, 38.6013)	(42, 38.6151)	(43, 38.6492)	(44, 38.6321)	(45, 38.6077)	(46, 38.635)	(47, 38.5964)	(48, 38.6234)	(49, 38.6213)	(50, 38.5862)	(51, 38.5939)	(52, 38.5787)	(53, 38.5883)	(54, 38.6073)	(55, 38.6294)	(56, 38.6095)	(57, 38.5899)	(58, 38.541)	(59, 38.5006)	(60, 38.6078)	(61, 38.5949)	(62, 38.5591)	(63, 38.5425)	(64, 38.5331)	(65, 38.512)	(66, 38.4962)	(67, 38.5321)	(68, 38.5436)	(69, 38.5452)	(70, 38.5186)	(71, 38.4771)	(72, 38.4695)	(73, 38.4777)	(74, 38.4698)	(75, 38.4682)	(76, 38.4853)	(77, 38.4377)	(78, 38.4586)	(79, 38.4298)	(80, 38.4584)	(81, 38.4122)	(82, 38.3856)	(83, 38.3918)	(84, 38.3884)	(85, 38.3951)	(86, 38.3704)	(87, 38.3886)	(88, 38.386)	(89, 38.3471)	(90, 38.3482)	(91, 38.3453)	(92, 38.3325)	(93, 38.2757)	(94, 38.2973)	(95, 38.2944)	(96, 38.2931)	(97, 38.2554)	(98, 38.3082)	(99, 38.2406)	(100, 38.2014)	(101, 38.2189)	(102, 38.166)	(103, 38.1745)	(104, 38.1353)	(105, 38.1445)	(106, 38.112)	(107, 38.1235)	(108, 38.0639)	(109, 38.0422)	(110, 38.0709)	(111, 38.0512)	(112, 37.981)	(113, 38.0732)	(114, 38.0015)	(115, 37.9898)	(116, 37.9986)	(117, 38.0063)	(118, 37.9819)	(119, 37.9465)	(120, 37.9213)	(121, 37.8744)	(122, 37.895)	(123, 37.8354)	(124, 37.8378)	(125, 37.6814)	(126, 37.6149)	(127, 37.6527)	(128, 37.6404)	(129, 37.7188)	(130, 37.6045)	(131, 37.6548)	(132, 37.5202)	(133, 37.5906)	(134, 37.5468)	(135, 37.4952)	(136, 37.482)	(137, 37.4079)	(138, 37.3427)	(139, 37.4156)	(140, 37.36)	(141, 37.2542)	(142, 37.3339)	(143, 37.2013)	(144, 37.3297)	(145, 37.3069)	(146, 37.2615)	(147, 37.026)	(148, 37.0114)	(149, 36.8879)	(150, 36.9964)
SRR39146894	(1, 37.852)	(2, 38.5505)	(3, 38.8487)	(4, 38.8619)	(5, 38.9012)	(6, 38.9097)	(7, 38.9103)	(8, 38.9176)	(9, 38.9741)	(10, 38.9989)	(11, 39.0235)	(12, 39.034)	(13, 39.0436)	(14, 39.0272)	(15, 39.0506)	(16, 39.1092)	(17, 39.1055)	(18, 39.1222)	(19, 39.1235)	(20, 39.1191)	(21, 39.1232)	(22, 39.1152)	(23, 39.1062)	(24, 39.1013)	(25, 39.1267)	(26, 38.7668)	(27, 38.771)	(28, 38.7539)	(29, 38.7535)	(30, 38.74)	(31, 38.76)	(32, 38.7713)	(33, 38.764)	(34, 38.7909)	(35, 38.7874)	(36, 38.7321)	(37, 38.7162)	(38, 38.6721)	(39, 38.7172)	(40, 38.7138)	(41, 38.7122)	(42, 38.7256)	(43, 38.7555)	(44, 38.739)	(45, 38.7117)	(46, 38.7397)	(47, 38.7007)	(48, 38.7285)	(49, 38.7221)	(50, 38.6929)	(51, 38.6975)	(52, 38.6882)	(53, 38.6964)	(54, 38.7101)	(55, 38.7303)	(56, 38.7095)	(57, 38.693)	(58, 38.6483)	(59, 38.6148)	(60, 38.7114)	(61, 38.692)	(62, 38.663)	(63, 38.6491)	(64, 38.6363)	(65, 38.6185)	(66, 38.6068)	(67, 38.6439)	(68, 38.652)	(69, 38.6463)	(70, 38.6183)	(71, 38.5849)	(72, 38.5783)	(73, 38.5873)	(74, 38.5826)	(75, 38.5787)	(76, 38.594)	(77, 38.5534)	(78, 38.5695)	(79, 38.5437)	(80, 38.5676)	(81, 38.5263)	(82, 38.5023)	(83, 38.5091)	(84, 38.4996)	(85, 38.5002)	(86, 38.4886)	(87, 38.4997)	(88, 38.4959)	(89, 38.465)	(90, 38.4661)	(91, 38.4599)	(92, 38.4536)	(93, 38.3962)	(94, 38.416)	(95, 38.4173)	(96, 38.4142)	(97, 38.3765)	(98, 38.424)	(99, 38.3626)	(100, 38.325)	(101, 38.339)	(102, 38.2902)	(103, 38.3059)	(104, 38.2636)	(105, 38.2745)	(106, 38.2483)	(107, 38.2557)	(108, 38.1999)	(109, 38.1788)	(110, 38.2048)	(111, 38.1888)	(112, 38.12)	(113, 38.2097)	(114, 38.1415)	(115, 38.1314)	(116, 38.1404)	(117, 38.1461)	(118, 38.1242)	(119, 38.0888)	(120, 38.064)	(121, 38.0237)	(122, 38.0393)	(123, 37.984)	(124, 37.9878)	(125, 37.8405)	(126, 37.7733)	(127, 37.8047)	(128, 37.7967)	(129, 37.8721)	(130, 37.7682)	(131, 37.814)	(132, 37.6824)	(133, 37.7562)	(134, 37.7102)	(135, 37.6638)	(136, 37.6474)	(137, 37.5801)	(138, 37.5138)	(139, 37.5865)	(140, 37.5359)	(141, 37.4388)	(142, 37.5099)	(143, 37.3887)	(144, 37.5023)	(145, 37.4871)	(146, 37.4429)	(147, 37.2152)	(148, 37.2101)	(149, 37.085)	(150, 37.1942)
SRR39146895	(1, 37.7634)	(2, 38.47)	(3, 38.8169)	(4, 38.8386)	(5, 38.863)	(6, 38.861)	(7, 38.868)	(8, 38.873)	(9, 38.9406)	(10, 38.9698)	(11, 38.9838)	(12, 39.0074)	(13, 39.0198)	(14, 38.9943)	(15, 39.0182)	(16, 39.0766)	(17, 39.081)	(18, 39.0958)	(19, 39.0923)	(20, 39.0957)	(21, 39.0995)	(22, 39.0981)	(23, 39.0889)	(24, 39.0845)	(25, 39.1054)	(26, 38.7474)	(27, 38.7496)	(28, 38.7333)	(29, 38.7361)	(30, 38.7161)	(31, 38.7297)	(32, 38.7481)	(33, 38.7427)	(34, 38.7684)	(35, 38.7681)	(36, 38.707)	(37, 38.6912)	(38, 38.6445)	(39, 38.6984)	(40, 38.6874)	(41, 38.6818)	(42, 38.7009)	(43, 38.7304)	(44, 38.7101)	(45, 38.6881)	(46, 38.7114)	(47, 38.6707)	(48, 38.7012)	(49, 38.6952)	(50, 38.6605)	(51, 38.6683)	(52, 38.6586)	(53, 38.6708)	(54, 38.6843)	(55, 38.6977)	(56, 38.6773)	(57, 38.6593)	(58, 38.6133)	(59, 38.577)	(60, 38.6766)	(61, 38.6641)	(62, 38.6286)	(63, 38.614)	(64, 38.602)	(65, 38.5791)	(66, 38.565)	(67, 38.6065)	(68, 38.6091)	(69, 38.6103)	(70, 38.5812)	(71, 38.54)	(72, 38.5382)	(73, 38.5411)	(74, 38.5399)	(75, 38.5329)	(76, 38.547)	(77, 38.5037)	(78, 38.5198)	(79, 38.4922)	(80, 38.5191)	(81, 38.4724)	(82, 38.4492)	(83, 38.4553)	(84, 38.4454)	(85, 38.4486)	(86, 38.4282)	(87, 38.4429)	(88, 38.4394)	(89, 38.4051)	(90, 38.4064)	(91, 38.4004)	(92, 38.3878)	(93, 38.3313)	(94, 38.3521)	(95, 38.3521)	(96, 38.3464)	(97, 38.3086)	(98, 38.353)	(99, 38.2924)	(100, 38.2551)	(101, 38.2697)	(102, 38.2166)	(103, 38.2298)	(104, 38.1897)	(105, 38.1967)	(106, 38.1703)	(107, 38.1748)	(108, 38.1162)	(109, 38.093)	(110, 38.1184)	(111, 38.0985)	(112, 38.0317)	(113, 38.1175)	(114, 38.0465)	(115, 38.0384)	(116, 38.0488)	(117, 38.0585)	(118, 38.0387)	(119, 37.994)	(120, 37.9676)	(121, 37.9182)	(122, 37.9387)	(123, 37.8887)	(124, 37.8841)	(125, 37.7339)	(126, 37.6639)	(127, 37.7008)	(128, 37.6811)	(129, 37.7648)	(130, 37.653)	(131, 37.706)	(132, 37.5692)	(133, 37.6382)	(134, 37.5884)	(135, 37.5423)	(136, 37.5215)	(137, 37.4502)	(138, 37.3872)	(139, 37.4574)	(140, 37.4017)	(141, 37.3072)	(142, 37.3758)	(143, 37.2516)	(144, 37.365)	(145, 37.3456)	(146, 37.2965)	(147, 37.0723)	(148, 37.061)	(149, 36.9382)	(150, 37.038)
SRR39146896	(1, 37.5893)	(2, 38.3422)	(3, 38.6782)	(4, 38.72)	(5, 38.7437)	(6, 38.756)	(7, 38.7607)	(8, 38.7678)	(9, 38.8404)	(10, 38.8672)	(11, 38.8832)	(12, 38.9089)	(13, 38.9214)	(14, 38.901)	(15, 38.9224)	(16, 38.9891)	(17, 38.996)	(18, 39.0125)	(19, 39.0056)	(20, 39.0115)	(21, 39.0128)	(22, 39.0149)	(23, 39.0074)	(24, 39.0008)	(25, 39.0261)	(26, 38.6057)	(27, 38.6154)	(28, 38.5974)	(29, 38.6038)	(30, 38.5801)	(31, 38.6026)	(32, 38.6233)	(33, 38.61)	(34, 38.638)	(35, 38.6372)	(36, 38.5774)	(37, 38.5599)	(38, 38.5098)	(39, 38.5682)	(40, 38.5562)	(41, 38.554)	(42, 38.572)	(43, 38.6081)	(44, 38.5875)	(45, 38.5633)	(46, 38.5942)	(47, 38.5433)	(48, 38.5759)	(49, 38.5766)	(50, 38.5389)	(51, 38.5484)	(52, 38.5389)	(53, 38.5463)	(54, 38.5643)	(55, 38.582)	(56, 38.5566)	(57, 38.5445)	(58, 38.4985)	(59, 38.4566)	(60, 38.5627)	(61, 38.5478)	(62, 38.5106)	(63, 38.4972)	(64, 38.4817)	(65, 38.4631)	(66, 38.441)	(67, 38.4831)	(68, 38.4958)	(69, 38.4967)	(70, 38.4665)	(71, 38.4265)	(72, 38.4191)	(73, 38.4246)	(74, 38.419)	(75, 38.4191)	(76, 38.4262)	(77, 38.385)	(78, 38.402)	(79, 38.3749)	(80, 38.401)	(81, 38.3576)	(82, 38.3291)	(83, 38.3385)	(84, 38.3307)	(85, 38.3401)	(86, 38.3131)	(87, 38.3291)	(88, 38.3266)	(89, 38.2905)	(90, 38.2895)	(91, 38.2835)	(92, 38.2707)	(93, 38.2114)	(94, 38.2376)	(95, 38.2313)	(96, 38.2272)	(97, 38.1922)	(98, 38.2393)	(99, 38.1724)	(100, 38.1408)	(101, 38.1534)	(102, 38.0978)	(103, 38.1092)	(104, 38.068)	(105, 38.0719)	(106, 38.0492)	(107, 38.0534)	(108, 37.9945)	(109, 37.9704)	(110, 37.9997)	(111, 37.9751)	(112, 37.8994)	(113, 37.9988)	(114, 37.9166)	(115, 37.9145)	(116, 37.9248)	(117, 37.9347)	(118, 37.9077)	(119, 37.8651)	(120, 37.8416)	(121, 37.7851)	(122, 37.8087)	(123, 37.7522)	(124, 37.757)	(125, 37.593)	(126, 37.5262)	(127, 37.5578)	(128, 37.5395)	(129, 37.6322)	(130, 37.5156)	(131, 37.5648)	(132, 37.4261)	(133, 37.4985)	(134, 37.4512)	(135, 37.4049)	(136, 37.381)	(137, 37.307)	(138, 37.2358)	(139, 37.3098)	(140, 37.2605)	(141, 37.1518)	(142, 37.2292)	(143, 37.0903)	(144, 37.2162)	(145, 37.1975)	(146, 37.1528)	(147, 36.9122)	(148, 36.8998)	(149, 36.7806)	(150, 36.8818)
SRR39146897	(1, 37.7173)	(2, 38.4786)	(3, 38.793)	(4, 38.8065)	(5, 38.8514)	(6, 38.8616)	(7, 38.8628)	(8, 38.87)	(9, 38.9312)	(10, 38.9576)	(11, 38.9796)	(12, 38.9901)	(13, 39.0087)	(14, 38.9854)	(15, 39.0106)	(16, 39.0734)	(17, 39.0658)	(18, 39.0907)	(19, 39.0876)	(20, 39.0837)	(21, 39.0821)	(22, 39.076)	(23, 39.0703)	(24, 39.0652)	(25, 39.088)	(26, 38.7022)	(27, 38.7103)	(28, 38.6909)	(29, 38.693)	(30, 38.6753)	(31, 38.6911)	(32, 38.7124)	(33, 38.7029)	(34, 38.7294)	(35, 38.7248)	(36, 38.6705)	(37, 38.6517)	(38, 38.608)	(39, 38.6604)	(40, 38.6518)	(41, 38.6484)	(42, 38.6681)	(43, 38.6929)	(44, 38.6785)	(45, 38.6549)	(46, 38.6793)	(47, 38.6413)	(48, 38.6658)	(49, 38.6654)	(50, 38.6272)	(51, 38.6343)	(52, 38.6233)	(53, 38.633)	(54, 38.6545)	(55, 38.6669)	(56, 38.6456)	(57, 38.6291)	(58, 38.5851)	(59, 38.5452)	(60, 38.6473)	(61, 38.6282)	(62, 38.594)	(63, 38.5837)	(64, 38.5755)	(65, 38.5523)	(66, 38.538)	(67, 38.5764)	(68, 38.5849)	(69, 38.5856)	(70, 38.5542)	(71, 38.5196)	(72, 38.5092)	(73, 38.5195)	(74, 38.5145)	(75, 38.5107)	(76, 38.5242)	(77, 38.4812)	(78, 38.4959)	(79, 38.4707)	(80, 38.494)	(81, 38.4503)	(82, 38.4265)	(83, 38.4337)	(84, 38.4313)	(85, 38.4339)	(86, 38.4118)	(87, 38.4209)	(88, 38.4216)	(89, 38.3908)	(90, 38.3882)	(91, 38.3828)	(92, 38.3672)	(93, 38.315)	(94, 38.3386)	(95, 38.3354)	(96, 38.3318)	(97, 38.2942)	(98, 38.3412)	(99, 38.2739)	(100, 38.2426)	(101, 38.2563)	(102, 38.2086)	(103, 38.2119)	(104, 38.1764)	(105, 38.1834)	(106, 38.1568)	(107, 38.1616)	(108, 38.1037)	(109, 38.0805)	(110, 38.1086)	(111, 38.0917)	(112, 38.0213)	(113, 38.1118)	(114, 38.0364)	(115, 38.0317)	(116, 38.0383)	(117, 38.0496)	(118, 38.022)	(119, 37.9847)	(120, 37.9591)	(121, 37.9187)	(122, 37.9302)	(123, 37.8801)	(124, 37.8838)	(125, 37.7269)	(126, 37.6628)	(127, 37.6966)	(128, 37.6804)	(129, 37.762)	(130, 37.6553)	(131, 37.6972)	(132, 37.568)	(133, 37.6311)	(134, 37.5924)	(135, 37.5424)	(136, 37.5209)	(137, 37.4453)	(138, 37.3841)	(139, 37.4544)	(140, 37.4014)	(141, 37.3034)	(142, 37.3783)	(143, 37.2489)	(144, 37.3625)	(145, 37.349)	(146, 37.3019)	(147, 37.0721)	(148, 37.0681)	(149, 36.9412)	(150, 37.0443)
SRR39146898	(1, 37.7719)	(2, 38.5575)	(3, 38.8687)	(4, 38.8904)	(5, 38.9036)	(6, 38.9102)	(7, 38.91)	(8, 38.9146)	(9, 38.9723)	(10, 38.9877)	(11, 39.0141)	(12, 39.0273)	(13, 39.0468)	(14, 39.0226)	(15, 39.0447)	(16, 39.0974)	(17, 39.098)	(18, 39.1179)	(19, 39.1125)	(20, 39.1096)	(21, 39.1097)	(22, 39.1107)	(23, 39.1015)	(24, 39.1019)	(25, 39.1218)	(26, 38.7704)	(27, 38.7745)	(28, 38.7592)	(29, 38.7594)	(30, 38.7405)	(31, 38.7564)	(32, 38.7701)	(33, 38.7643)	(34, 38.7888)	(35, 38.7846)	(36, 38.7271)	(37, 38.7126)	(38, 38.6645)	(39, 38.7146)	(40, 38.7089)	(41, 38.7066)	(42, 38.7252)	(43, 38.7545)	(44, 38.7332)	(45, 38.7105)	(46, 38.7367)	(47, 38.6982)	(48, 38.7253)	(49, 38.72)	(50, 38.6867)	(51, 38.6952)	(52, 38.6819)	(53, 38.6967)	(54, 38.7126)	(55, 38.724)	(56, 38.7071)	(57, 38.6906)	(58, 38.6486)	(59, 38.6106)	(60, 38.708)	(61, 38.693)	(62, 38.6596)	(63, 38.6442)	(64, 38.6295)	(65, 38.6158)	(66, 38.6029)	(67, 38.6387)	(68, 38.6424)	(69, 38.6449)	(70, 38.6153)	(71, 38.5795)	(72, 38.5759)	(73, 38.5809)	(74, 38.5788)	(75, 38.5752)	(76, 38.5862)	(77, 38.5426)	(78, 38.5575)	(79, 38.5358)	(80, 38.5576)	(81, 38.5154)	(82, 38.4968)	(83, 38.4986)	(84, 38.4923)	(85, 38.4939)	(86, 38.4767)	(87, 38.4865)	(88, 38.485)	(89, 38.4494)	(90, 38.4523)	(91, 38.4487)	(92, 38.4327)	(93, 38.383)	(94, 38.4027)	(95, 38.3981)	(96, 38.3984)	(97, 38.3599)	(98, 38.4059)	(99, 38.3446)	(100, 38.3107)	(101, 38.3228)	(102, 38.275)	(103, 38.2833)	(104, 38.2413)	(105, 38.2508)	(106, 38.2251)	(107, 38.2293)	(108, 38.1772)	(109, 38.1504)	(110, 38.1747)	(111, 38.1562)	(112, 38.0871)	(113, 38.1789)	(114, 38.1084)	(115, 38.1046)	(116, 38.1117)	(117, 38.123)	(118, 38.0958)	(119, 38.0556)	(120, 38.033)	(121, 37.9899)	(122, 38.0078)	(123, 37.9517)	(124, 37.9542)	(125, 37.8032)	(126, 37.7358)	(127, 37.7724)	(128, 37.75)	(129, 37.8332)	(130, 37.7314)	(131, 37.7735)	(132, 37.6434)	(133, 37.7108)	(134, 37.6689)	(135, 37.6248)	(136, 37.6)	(137, 37.5309)	(138, 37.4666)	(139, 37.5398)	(140, 37.4904)	(141, 37.3904)	(142, 37.4542)	(143, 37.3359)	(144, 37.4485)	(145, 37.4341)	(146, 37.3822)	(147, 37.1575)	(148, 37.1524)	(149, 37.0345)	(150, 37.132)
SRR39146899	(1, 37.6084)	(2, 38.4466)	(3, 38.7636)	(4, 38.7914)	(5, 38.8185)	(6, 38.8305)	(7, 38.8357)	(8, 38.8399)	(9, 38.9037)	(10, 38.9241)	(11, 38.9424)	(12, 38.9661)	(13, 38.9763)	(14, 38.9517)	(15, 38.9806)	(16, 39.0358)	(17, 39.0348)	(18, 39.0577)	(19, 39.0557)	(20, 39.054)	(21, 39.0552)	(22, 39.0535)	(23, 39.0423)	(24, 39.0422)	(25, 39.068)	(26, 38.6786)	(27, 38.6824)	(28, 38.6664)	(29, 38.6734)	(30, 38.6548)	(31, 38.6628)	(32, 38.6826)	(33, 38.6796)	(34, 38.7061)	(35, 38.7027)	(36, 38.6458)	(37, 38.6299)	(38, 38.5823)	(39, 38.6395)	(40, 38.6316)	(41, 38.6229)	(42, 38.643)	(43, 38.6713)	(44, 38.6558)	(45, 38.6296)	(46, 38.6599)	(47, 38.617)	(48, 38.6526)	(49, 38.649)	(50, 38.6147)	(51, 38.6193)	(52, 38.6091)	(53, 38.6169)	(54, 38.6353)	(55, 38.6507)	(56, 38.6323)	(57, 38.6144)	(58, 38.5695)	(59, 38.5295)	(60, 38.632)	(61, 38.6164)	(62, 38.5852)	(63, 38.5678)	(64, 38.5559)	(65, 38.5413)	(66, 38.5241)	(67, 38.5623)	(68, 38.5698)	(69, 38.5725)	(70, 38.5413)	(71, 38.5049)	(72, 38.4984)	(73, 38.5031)	(74, 38.5015)	(75, 38.5065)	(76, 38.5063)	(77, 38.4642)	(78, 38.4787)	(79, 38.4536)	(80, 38.4804)	(81, 38.4369)	(82, 38.4108)	(83, 38.4195)	(84, 38.4097)	(85, 38.414)	(86, 38.3977)	(87, 38.4103)	(88, 38.4157)	(89, 38.3763)	(90, 38.3706)	(91, 38.3625)	(92, 38.3574)	(93, 38.2992)	(94, 38.3207)	(95, 38.3156)	(96, 38.314)	(97, 38.2769)	(98, 38.3256)	(99, 38.2598)	(100, 38.2272)	(101, 38.2445)	(102, 38.1881)	(103, 38.1972)	(104, 38.1531)	(105, 38.163)	(106, 38.1348)	(107, 38.145)	(108, 38.088)	(109, 38.0655)	(110, 38.0917)	(111, 38.0665)	(112, 37.9982)	(113, 38.0894)	(114, 38.0157)	(115, 38.0122)	(116, 38.0215)	(117, 38.0323)	(118, 38.007)	(119, 37.9648)	(120, 37.9423)	(121, 37.8895)	(122, 37.9089)	(123, 37.856)	(124, 37.8581)	(125, 37.6998)	(126, 37.6329)	(127, 37.6671)	(128, 37.6499)	(129, 37.741)	(130, 37.6254)	(131, 37.6719)	(132, 37.5382)	(133, 37.6066)	(134, 37.5594)	(135, 37.512)	(136, 37.4915)	(137, 37.4186)	(138, 37.3536)	(139, 37.4233)	(140, 37.3728)	(141, 37.2703)	(142, 37.3432)	(143, 37.2125)	(144, 37.3292)	(145, 37.314)	(146, 37.2706)	(147, 37.0296)	(148, 37.0237)	(149, 36.8981)	(150, 36.9997)
SRR39146900	(1, 37.9462)	(2, 38.5844)	(3, 38.9221)	(4, 38.8971)	(5, 38.95)	(6, 38.977)	(7, 38.9685)	(8, 38.9703)	(9, 39.0311)	(10, 39.0533)	(11, 39.075)	(12, 39.0825)	(13, 39.0928)	(14, 39.0769)	(15, 39.1057)	(16, 39.1571)	(17, 39.152)	(18, 39.172)	(19, 39.1711)	(20, 39.1637)	(21, 39.1642)	(22, 39.1611)	(23, 39.154)	(24, 39.146)	(25, 39.1715)	(26, 38.8458)	(27, 38.8517)	(28, 38.8369)	(29, 38.8405)	(30, 38.8223)	(31, 38.8384)	(32, 38.8502)	(33, 38.8404)	(34, 38.8675)	(35, 38.862)	(36, 38.8099)	(37, 38.7919)	(38, 38.7487)	(39, 38.8)	(40, 38.7938)	(41, 38.7888)	(42, 38.8051)	(43, 38.8337)	(44, 38.8159)	(45, 38.795)	(46, 38.8193)	(47, 38.7791)	(48, 38.8063)	(49, 38.801)	(50, 38.7667)	(51, 38.778)	(52, 38.7628)	(53, 38.7739)	(54, 38.7885)	(55, 38.8035)	(56, 38.7887)	(57, 38.7692)	(58, 38.7234)	(59, 38.6931)	(60, 38.7853)	(61, 38.77)	(62, 38.7406)	(63, 38.7279)	(64, 38.7158)	(65, 38.6933)	(66, 38.6792)	(67, 38.7185)	(68, 38.7263)	(69, 38.7225)	(70, 38.6952)	(71, 38.6577)	(72, 38.6604)	(73, 38.6616)	(74, 38.6597)	(75, 38.6549)	(76, 38.6648)	(77, 38.6253)	(78, 38.6398)	(79, 38.6181)	(80, 38.6392)	(81, 38.6024)	(82, 38.5809)	(83, 38.5846)	(84, 38.5776)	(85, 38.581)	(86, 38.5613)	(87, 38.573)	(88, 38.5728)	(89, 38.5377)	(90, 38.5416)	(91, 38.5308)	(92, 38.524)	(93, 38.4677)	(94, 38.4914)	(95, 38.4868)	(96, 38.4853)	(97, 38.4499)	(98, 38.4944)	(99, 38.4315)	(100, 38.4051)	(101, 38.4149)	(102, 38.3654)	(103, 38.377)	(104, 38.3373)	(105, 38.3464)	(106, 38.3154)	(107, 38.3269)	(108, 38.2723)	(109, 38.254)	(110, 38.2773)	(111, 38.2572)	(112, 38.1923)	(113, 38.2725)	(114, 38.212)	(115, 38.2065)	(116, 38.212)	(117, 38.2226)	(118, 38.1986)	(119, 38.1583)	(120, 38.1373)	(121, 38.0956)	(122, 38.1083)	(123, 38.0585)	(124, 38.0624)	(125, 37.9103)	(126, 37.8482)	(127, 37.881)	(128, 37.8707)	(129, 37.9476)	(130, 37.8391)	(131, 37.8911)	(132, 37.7576)	(133, 37.8282)	(134, 37.785)	(135, 37.7392)	(136, 37.7176)	(137, 37.6539)	(138, 37.5896)	(139, 37.654)	(140, 37.6119)	(141, 37.512)	(142, 37.5793)	(143, 37.4549)	(144, 37.575)	(145, 37.5543)	(146, 37.5125)	(147, 37.2885)	(148, 37.2868)	(149, 37.1658)	(150, 37.2572)
