Sample	0	1	2	3	4	5	6	7	8	9	10	11	12	13	14	15	16	17	18	19	20	21	22	23	24	25	26	27	28	29	30	31	32	33	34	35	36	37	38	39	40	41	42	43	44	45	46	47	48	49	50	51	52	53	54	55	56	57	58	59	60	61	62	63	64	65	66	67	68	69	70	71	72	73	74	75	76	77	78	79	80	81	82	83	84	85	86	87	88	89	90	91	92	93	94	95	96	97	98	99	100	101	102	103	104	105	106	107	108	109	110	111	112	113	114	115	116	117	118	119	120	121	122	123	124	125	126	127	128	129	130	131	132	133	134	135	136	137	138	139	140	141	142	143	144	145	146	147	148	149
SRR39139285	(1, 38.8698)	(2, 38.7806)	(3, 39.1957)	(4, 39.1235)	(5, 38.9969)	(6, 38.9357)	(7, 38.857)	(8, 38.8183)	(9, 38.7747)	(10, 38.7343)	(11, 38.8922)	(12, 38.8262)	(13, 38.8086)	(14, 38.7567)	(15, 38.7861)	(16, 39.3954)	(17, 39.3867)	(18, 39.4243)	(19, 39.4192)	(20, 39.4094)	(21, 39.432)	(22, 39.4466)	(23, 39.4255)	(24, 39.4578)	(25, 39.4557)	(26, 39.3028)	(27, 39.2965)	(28, 39.304)	(29, 39.2977)	(30, 39.2857)	(31, 39.2766)	(32, 39.278)	(33, 39.3124)	(34, 39.325)	(35, 39.306)	(36, 39.3529)	(37, 39.3374)	(38, 39.3362)	(39, 39.3664)	(40, 39.3701)	(41, 39.3808)	(42, 39.3506)	(43, 39.3454)	(44, 39.3263)	(45, 39.2932)	(46, 39.3134)	(47, 39.3159)	(48, 39.3342)	(49, 39.3162)	(50, 39.3226)	(51, 39.3134)	(52, 39.3265)	(53, 39.3026)	(54, 39.3397)	(55, 39.356)	(56, 39.3384)	(57, 39.3078)	(58, 39.3009)	(59, 39.2956)	(60, 39.2895)	(61, 39.2882)	(62, 39.2766)	(63, 39.2955)	(64, 39.3151)	(65, 39.3254)	(66, 39.2985)	(67, 39.2771)	(68, 39.2903)	(69, 39.272)	(70, 39.2625)	(71, 39.2487)	(72, 39.2366)	(73, 39.2397)	(74, 39.2289)	(75, 39.2071)	(76, 39.2405)	(77, 39.231)	(78, 39.2162)	(79, 39.2186)	(80, 39.2089)	(81, 39.2369)	(82, 39.2122)	(83, 39.2107)	(84, 39.2258)	(85, 39.2031)	(86, 39.1741)	(87, 39.161)	(88, 39.1665)	(89, 39.1647)	(90, 39.1674)	(91, 39.1916)	(92, 39.1864)	(93, 39.1601)	(94, 39.1641)	(95, 39.1612)	(96, 39.1584)	(97, 39.1502)	(98, 39.1416)	(99, 39.1413)	(100, 39.1526)	(101, 39.1396)	(102, 39.1203)	(103, 39.1159)	(104, 39.1264)	(105, 39.1041)	(106, 39.1297)	(107, 39.091)	(108, 39.0078)	(109, 39.031)	(110, 39.0286)	(111, 39.0471)	(112, 39.0597)	(113, 39.0897)	(114, 39.0722)	(115, 39.0314)	(116, 38.9812)	(117, 38.9591)	(118, 38.9725)	(119, 38.9833)	(120, 38.9902)	(121, 38.9944)	(122, 38.9919)	(123, 39.0137)	(124, 38.9841)	(125, 38.9681)	(126, 38.9307)	(127, 38.9375)	(128, 38.8971)	(129, 38.8396)	(130, 38.8575)	(131, 38.8562)	(132, 38.8612)	(133, 38.8425)	(134, 38.8288)	(135, 38.7797)	(136, 38.8121)	(137, 38.7408)	(138, 38.6926)	(139, 38.6055)	(140, 38.7326)	(141, 38.7386)	(142, 38.7082)	(143, 38.6125)	(144, 38.6064)	(145, 38.574)	(146, 38.5568)	(147, 38.472)	(148, 38.3507)	(149, 38.4446)	(150, 38.3868)
SRR39146138	(1, 38.859)	(2, 38.7816)	(3, 39.1946)	(4, 39.1235)	(5, 39.0012)	(6, 38.9407)	(7, 38.8706)	(8, 38.8261)	(9, 38.785)	(10, 38.7386)	(11, 38.8964)	(12, 38.8333)	(13, 38.8124)	(14, 38.7694)	(15, 38.7902)	(16, 39.4037)	(17, 39.3901)	(18, 39.4303)	(19, 39.4234)	(20, 39.4142)	(21, 39.4369)	(22, 39.4461)	(23, 39.4269)	(24, 39.4579)	(25, 39.4596)	(26, 39.3072)	(27, 39.297)	(28, 39.3086)	(29, 39.3024)	(30, 39.2882)	(31, 39.2804)	(32, 39.2828)	(33, 39.3127)	(34, 39.3257)	(35, 39.3097)	(36, 39.3563)	(37, 39.3401)	(38, 39.3373)	(39, 39.3698)	(40, 39.374)	(41, 39.38)	(42, 39.3552)	(43, 39.3437)	(44, 39.3278)	(45, 39.2969)	(46, 39.3145)	(47, 39.3203)	(48, 39.3337)	(49, 39.3139)	(50, 39.3255)	(51, 39.3141)	(52, 39.3226)	(53, 39.3)	(54, 39.3393)	(55, 39.3576)	(56, 39.3368)	(57, 39.3064)	(58, 39.2993)	(59, 39.2942)	(60, 39.2888)	(61, 39.2865)	(62, 39.2719)	(63, 39.2907)	(64, 39.3115)	(65, 39.3241)	(66, 39.2971)	(67, 39.2762)	(68, 39.2857)	(69, 39.2682)	(70, 39.26)	(71, 39.2461)	(72, 39.2331)	(73, 39.2373)	(74, 39.2257)	(75, 39.2034)	(76, 39.2364)	(77, 39.2215)	(78, 39.2127)	(79, 39.2109)	(80, 39.1976)	(81, 39.2305)	(82, 39.2059)	(83, 39.2039)	(84, 39.2204)	(85, 39.202)	(86, 39.1661)	(87, 39.1562)	(88, 39.1579)	(89, 39.1588)	(90, 39.1658)	(91, 39.1881)	(92, 39.1804)	(93, 39.1557)	(94, 39.1561)	(95, 39.1548)	(96, 39.1467)	(97, 39.1432)	(98, 39.1354)	(99, 39.1381)	(100, 39.1455)	(101, 39.134)	(102, 39.1184)	(103, 39.113)	(104, 39.1248)	(105, 39.0945)	(106, 39.1179)	(107, 39.0822)	(108, 38.9994)	(109, 39.0207)	(110, 39.0189)	(111, 39.037)	(112, 39.0527)	(113, 39.0808)	(114, 39.0658)	(115, 39.0226)	(116, 38.9722)	(117, 38.9525)	(118, 38.9566)	(119, 38.9709)	(120, 38.9801)	(121, 38.987)	(122, 38.9783)	(123, 39.0057)	(124, 38.9725)	(125, 38.958)	(126, 38.9183)	(127, 38.9292)	(128, 38.8887)	(129, 38.8303)	(130, 38.8468)	(131, 38.8455)	(132, 38.8435)	(133, 38.8287)	(134, 38.8132)	(135, 38.7713)	(136, 38.7968)	(137, 38.7286)	(138, 38.6806)	(139, 38.5896)	(140, 38.7119)	(141, 38.7238)	(142, 38.6948)	(143, 38.5959)	(144, 38.5898)	(145, 38.5532)	(146, 38.5339)	(147, 38.449)	(148, 38.3289)	(149, 38.4297)	(150, 38.3629)
SRR39146893	(1, 38.8387)	(2, 38.7538)	(3, 39.1765)	(4, 39.1014)	(5, 38.9749)	(6, 38.912)	(7, 38.8397)	(8, 38.7962)	(9, 38.7511)	(10, 38.7015)	(11, 38.8682)	(12, 38.7957)	(13, 38.7793)	(14, 38.7256)	(15, 38.7558)	(16, 39.3809)	(17, 39.3743)	(18, 39.4131)	(19, 39.4035)	(20, 39.3949)	(21, 39.4175)	(22, 39.4334)	(23, 39.4121)	(24, 39.4426)	(25, 39.4404)	(26, 39.2865)	(27, 39.2777)	(28, 39.285)	(29, 39.2827)	(30, 39.2652)	(31, 39.261)	(32, 39.2579)	(33, 39.2901)	(34, 39.3076)	(35, 39.2878)	(36, 39.3333)	(37, 39.3193)	(38, 39.3181)	(39, 39.3487)	(40, 39.3566)	(41, 39.3638)	(42, 39.3327)	(43, 39.3251)	(44, 39.3049)	(45, 39.2711)	(46, 39.2928)	(47, 39.2989)	(48, 39.312)	(49, 39.2938)	(50, 39.3001)	(51, 39.2949)	(52, 39.3012)	(53, 39.281)	(54, 39.3171)	(55, 39.3371)	(56, 39.3178)	(57, 39.289)	(58, 39.2772)	(59, 39.2727)	(60, 39.2668)	(61, 39.2645)	(62, 39.2494)	(63, 39.2706)	(64, 39.297)	(65, 39.3007)	(66, 39.278)	(67, 39.2551)	(68, 39.265)	(69, 39.2509)	(70, 39.2403)	(71, 39.2244)	(72, 39.2079)	(73, 39.2133)	(74, 39.2008)	(75, 39.1808)	(76, 39.2119)	(77, 39.2016)	(78, 39.1902)	(79, 39.1881)	(80, 39.1791)	(81, 39.2103)	(82, 39.1838)	(83, 39.1802)	(84, 39.1979)	(85, 39.1753)	(86, 39.1439)	(87, 39.1316)	(88, 39.138)	(89, 39.1347)	(90, 39.1394)	(91, 39.163)	(92, 39.1559)	(93, 39.1306)	(94, 39.1288)	(95, 39.1301)	(96, 39.1206)	(97, 39.1179)	(98, 39.1099)	(99, 39.114)	(100, 39.1192)	(101, 39.1043)	(102, 39.0893)	(103, 39.0866)	(104, 39.0994)	(105, 39.0655)	(106, 39.093)	(107, 39.0567)	(108, 38.9709)	(109, 38.9897)	(110, 38.9906)	(111, 39.0128)	(112, 39.0253)	(113, 39.0577)	(114, 39.0423)	(115, 38.9897)	(116, 38.9404)	(117, 38.9226)	(118, 38.9293)	(119, 38.9448)	(120, 38.954)	(121, 38.9551)	(122, 38.9491)	(123, 38.9789)	(124, 38.9463)	(125, 38.93)	(126, 38.8891)	(127, 38.899)	(128, 38.8575)	(129, 38.793)	(130, 38.8155)	(131, 38.8115)	(132, 38.8094)	(133, 38.7991)	(134, 38.7836)	(135, 38.7371)	(136, 38.7701)	(137, 38.6877)	(138, 38.645)	(139, 38.5506)	(140, 38.6846)	(141, 38.6905)	(142, 38.6621)	(143, 38.5571)	(144, 38.5591)	(145, 38.5197)	(146, 38.5017)	(147, 38.4184)	(148, 38.2936)	(149, 38.393)	(150, 38.33)
SRR39146894	(1, 38.8512)	(2, 38.7755)	(3, 39.1974)	(4, 39.1245)	(5, 39.0087)	(6, 38.9496)	(7, 38.881)	(8, 38.8465)	(9, 38.802)	(10, 38.7679)	(11, 38.9166)	(12, 38.8534)	(13, 38.8297)	(14, 38.7889)	(15, 38.816)	(16, 39.4064)	(17, 39.3976)	(18, 39.438)	(19, 39.4297)	(20, 39.4207)	(21, 39.4418)	(22, 39.4543)	(23, 39.4332)	(24, 39.4638)	(25, 39.4642)	(26, 39.3128)	(27, 39.3041)	(28, 39.3131)	(29, 39.3108)	(30, 39.2951)	(31, 39.2859)	(32, 39.2888)	(33, 39.32)	(34, 39.3336)	(35, 39.3133)	(36, 39.3596)	(37, 39.3442)	(38, 39.3433)	(39, 39.3749)	(40, 39.3785)	(41, 39.3868)	(42, 39.3601)	(43, 39.3478)	(44, 39.3345)	(45, 39.3021)	(46, 39.3245)	(47, 39.3269)	(48, 39.3416)	(49, 39.3235)	(50, 39.3274)	(51, 39.3201)	(52, 39.3292)	(53, 39.3039)	(54, 39.3438)	(55, 39.3616)	(56, 39.3408)	(57, 39.315)	(58, 39.3093)	(59, 39.3044)	(60, 39.2955)	(61, 39.2961)	(62, 39.2829)	(63, 39.2977)	(64, 39.3204)	(65, 39.328)	(66, 39.3032)	(67, 39.2826)	(68, 39.293)	(69, 39.2809)	(70, 39.2682)	(71, 39.2553)	(72, 39.2419)	(73, 39.2439)	(74, 39.231)	(75, 39.2134)	(76, 39.2445)	(77, 39.2365)	(78, 39.2221)	(79, 39.2239)	(80, 39.211)	(81, 39.2404)	(82, 39.2184)	(83, 39.2146)	(84, 39.2315)	(85, 39.2126)	(86, 39.1791)	(87, 39.1698)	(88, 39.1703)	(89, 39.1723)	(90, 39.1752)	(91, 39.1978)	(92, 39.1912)	(93, 39.1672)	(94, 39.1742)	(95, 39.1672)	(96, 39.1651)	(97, 39.1567)	(98, 39.1496)	(99, 39.1518)	(100, 39.1548)	(101, 39.1486)	(102, 39.1305)	(103, 39.1271)	(104, 39.1364)	(105, 39.1054)	(106, 39.1308)	(107, 39.0959)	(108, 39.0168)	(109, 39.0401)	(110, 39.0349)	(111, 39.0536)	(112, 39.068)	(113, 39.0955)	(114, 39.0811)	(115, 39.0386)	(116, 38.9914)	(117, 38.9674)	(118, 38.973)	(119, 38.9881)	(120, 38.9963)	(121, 38.9978)	(122, 38.9998)	(123, 39.0225)	(124, 38.9885)	(125, 38.9772)	(126, 38.9357)	(127, 38.9434)	(128, 38.9106)	(129, 38.8495)	(130, 38.8622)	(131, 38.8642)	(132, 38.863)	(133, 38.8561)	(134, 38.8362)	(135, 38.7898)	(136, 38.8257)	(137, 38.7521)	(138, 38.7051)	(139, 38.6134)	(140, 38.7395)	(141, 38.7463)	(142, 38.7138)	(143, 38.6244)	(144, 38.6191)	(145, 38.5842)	(146, 38.5691)	(147, 38.4814)	(148, 38.3684)	(149, 38.4606)	(150, 38.406)
SRR39146895	(1, 38.8621)	(2, 38.7785)	(3, 39.1979)	(4, 39.1296)	(5, 39.0041)	(6, 38.9423)	(7, 38.8676)	(8, 38.8243)	(9, 38.7782)	(10, 38.7388)	(11, 38.8986)	(12, 38.8308)	(13, 38.8117)	(14, 38.7597)	(15, 38.7947)	(16, 39.4011)	(17, 39.3932)	(18, 39.4305)	(19, 39.4245)	(20, 39.4153)	(21, 39.4372)	(22, 39.449)	(23, 39.429)	(24, 39.4615)	(25, 39.4623)	(26, 39.3111)	(27, 39.3036)	(28, 39.3137)	(29, 39.3087)	(30, 39.2915)	(31, 39.2847)	(32, 39.2834)	(33, 39.3156)	(34, 39.3278)	(35, 39.309)	(36, 39.3585)	(37, 39.3407)	(38, 39.3393)	(39, 39.3718)	(40, 39.3771)	(41, 39.3837)	(42, 39.3541)	(43, 39.346)	(44, 39.3283)	(45, 39.2955)	(46, 39.3175)	(47, 39.3201)	(48, 39.3326)	(49, 39.314)	(50, 39.3242)	(51, 39.3122)	(52, 39.3226)	(53, 39.2988)	(54, 39.3394)	(55, 39.3577)	(56, 39.336)	(57, 39.3038)	(58, 39.2966)	(59, 39.2961)	(60, 39.2848)	(61, 39.2872)	(62, 39.2717)	(63, 39.2909)	(64, 39.3104)	(65, 39.3238)	(66, 39.2937)	(67, 39.2741)	(68, 39.2832)	(69, 39.2655)	(70, 39.257)	(71, 39.2416)	(72, 39.2296)	(73, 39.2326)	(74, 39.2212)	(75, 39.2023)	(76, 39.2347)	(77, 39.2162)	(78, 39.2075)	(79, 39.2087)	(80, 39.1939)	(81, 39.2292)	(82, 39.2046)	(83, 39.2015)	(84, 39.2159)	(85, 39.1976)	(86, 39.1665)	(87, 39.1513)	(88, 39.1569)	(89, 39.1538)	(90, 39.1593)	(91, 39.1816)	(92, 39.1729)	(93, 39.1511)	(94, 39.1526)	(95, 39.1513)	(96, 39.1427)	(97, 39.1374)	(98, 39.1293)	(99, 39.1383)	(100, 39.1391)	(101, 39.128)	(102, 39.1118)	(103, 39.1037)	(104, 39.1211)	(105, 39.0905)	(106, 39.1114)	(107, 39.0748)	(108, 38.9943)	(109, 39.016)	(110, 39.0118)	(111, 39.0291)	(112, 39.0467)	(113, 39.0748)	(114, 39.0609)	(115, 39.0152)	(116, 38.963)	(117, 38.9447)	(118, 38.9545)	(119, 38.9665)	(120, 38.9745)	(121, 38.982)	(122, 38.9753)	(123, 39.0007)	(124, 38.9662)	(125, 38.9466)	(126, 38.9167)	(127, 38.9216)	(128, 38.8804)	(129, 38.8146)	(130, 38.8383)	(131, 38.836)	(132, 38.8339)	(133, 38.8185)	(134, 38.8116)	(135, 38.765)	(136, 38.7893)	(137, 38.7208)	(138, 38.6704)	(139, 38.5768)	(140, 38.7092)	(141, 38.7184)	(142, 38.6804)	(143, 38.5882)	(144, 38.5827)	(145, 38.5462)	(146, 38.5306)	(147, 38.4461)	(148, 38.3246)	(149, 38.4228)	(150, 38.3576)
SRR39146896	(1, 38.8015)	(2, 38.7127)	(3, 39.1397)	(4, 39.0585)	(5, 38.9263)	(6, 38.857)	(7, 38.7846)	(8, 38.7343)	(9, 38.6897)	(10, 38.6481)	(11, 38.8168)	(12, 38.7463)	(13, 38.727)	(14, 38.6716)	(15, 38.698)	(16, 39.3495)	(17, 39.3404)	(18, 39.385)	(19, 39.3728)	(20, 39.3678)	(21, 39.3905)	(22, 39.4074)	(23, 39.3835)	(24, 39.4183)	(25, 39.4141)	(26, 39.2494)	(27, 39.2413)	(28, 39.254)	(29, 39.2491)	(30, 39.2274)	(31, 39.2227)	(32, 39.2258)	(33, 39.2527)	(34, 39.2752)	(35, 39.2529)	(36, 39.3044)	(37, 39.2909)	(38, 39.2834)	(39, 39.3193)	(40, 39.3234)	(41, 39.3343)	(42, 39.3051)	(43, 39.2952)	(44, 39.2751)	(45, 39.2397)	(46, 39.2584)	(47, 39.2647)	(48, 39.2827)	(49, 39.2587)	(50, 39.27)	(51, 39.259)	(52, 39.27)	(53, 39.2452)	(54, 39.2854)	(55, 39.3047)	(56, 39.2832)	(57, 39.2526)	(58, 39.246)	(59, 39.2368)	(60, 39.2332)	(61, 39.2336)	(62, 39.2161)	(63, 39.2352)	(64, 39.2599)	(65, 39.2698)	(66, 39.2399)	(67, 39.221)	(68, 39.2296)	(69, 39.2106)	(70, 39.2044)	(71, 39.186)	(72, 39.1723)	(73, 39.1755)	(74, 39.1649)	(75, 39.146)	(76, 39.1775)	(77, 39.164)	(78, 39.1516)	(79, 39.1548)	(80, 39.1386)	(81, 39.1752)	(82, 39.1464)	(83, 39.1419)	(84, 39.1607)	(85, 39.1381)	(86, 39.1006)	(87, 39.0919)	(88, 39.094)	(89, 39.0949)	(90, 39.1013)	(91, 39.1255)	(92, 39.1184)	(93, 39.0927)	(94, 39.0946)	(95, 39.0894)	(96, 39.0845)	(97, 39.0772)	(98, 39.0706)	(99, 39.0705)	(100, 39.0777)	(101, 39.0669)	(102, 39.0492)	(103, 39.0478)	(104, 39.056)	(105, 39.0245)	(106, 39.0514)	(107, 39.0186)	(108, 38.9221)	(109, 38.9422)	(110, 38.942)	(111, 38.9631)	(112, 38.9798)	(113, 39.0118)	(114, 38.998)	(115, 38.946)	(116, 38.8955)	(117, 38.8682)	(118, 38.8861)	(119, 38.8992)	(120, 38.9065)	(121, 38.9139)	(122, 38.9067)	(123, 38.9361)	(124, 38.8941)	(125, 38.8804)	(126, 38.8379)	(127, 38.8521)	(128, 38.8114)	(129, 38.7408)	(130, 38.7641)	(131, 38.763)	(132, 38.7634)	(133, 38.7518)	(134, 38.7323)	(135, 38.6801)	(136, 38.7191)	(137, 38.6343)	(138, 38.5893)	(139, 38.4902)	(140, 38.6237)	(141, 38.6356)	(142, 38.6061)	(143, 38.4979)	(144, 38.5009)	(145, 38.4568)	(146, 38.4399)	(147, 38.3521)	(148, 38.2245)	(149, 38.3301)	(150, 38.2601)
SRR39146897	(1, 38.8517)	(2, 38.7804)	(3, 39.1975)	(4, 39.1312)	(5, 39.0063)	(6, 38.9466)	(7, 38.8747)	(8, 38.8398)	(9, 38.7966)	(10, 38.7512)	(11, 38.9095)	(12, 38.846)	(13, 38.8228)	(14, 38.7783)	(15, 38.8045)	(16, 39.3999)	(17, 39.3934)	(18, 39.4338)	(19, 39.4236)	(20, 39.4149)	(21, 39.4388)	(22, 39.4498)	(23, 39.4275)	(24, 39.4604)	(25, 39.4585)	(26, 39.3071)	(27, 39.3032)	(28, 39.3087)	(29, 39.3058)	(30, 39.2902)	(31, 39.2771)	(32, 39.2816)	(33, 39.3155)	(34, 39.3264)	(35, 39.3068)	(36, 39.3506)	(37, 39.3372)	(38, 39.3338)	(39, 39.3663)	(40, 39.3701)	(41, 39.3793)	(42, 39.3506)	(43, 39.3411)	(44, 39.3258)	(45, 39.2901)	(46, 39.3106)	(47, 39.3172)	(48, 39.328)	(49, 39.3098)	(50, 39.3174)	(51, 39.3101)	(52, 39.3191)	(53, 39.2953)	(54, 39.3326)	(55, 39.3509)	(56, 39.3295)	(57, 39.3031)	(58, 39.2965)	(59, 39.2895)	(60, 39.2854)	(61, 39.2829)	(62, 39.2692)	(63, 39.2828)	(64, 39.3096)	(65, 39.3186)	(66, 39.2897)	(67, 39.2718)	(68, 39.2797)	(69, 39.2654)	(70, 39.2552)	(71, 39.2379)	(72, 39.2257)	(73, 39.2275)	(74, 39.2191)	(75, 39.2022)	(76, 39.2289)	(77, 39.2198)	(78, 39.2085)	(79, 39.2073)	(80, 39.1963)	(81, 39.2255)	(82, 39.2035)	(83, 39.1999)	(84, 39.2166)	(85, 39.1955)	(86, 39.1626)	(87, 39.1528)	(88, 39.1571)	(89, 39.1548)	(90, 39.1626)	(91, 39.1856)	(92, 39.1756)	(93, 39.1483)	(94, 39.1557)	(95, 39.148)	(96, 39.1454)	(97, 39.1368)	(98, 39.13)	(99, 39.1326)	(100, 39.1411)	(101, 39.1281)	(102, 39.1167)	(103, 39.1097)	(104, 39.119)	(105, 39.0889)	(106, 39.1124)	(107, 39.0815)	(108, 38.9923)	(109, 39.0142)	(110, 39.0135)	(111, 39.0313)	(112, 39.0442)	(113, 39.0805)	(114, 39.0593)	(115, 39.0134)	(116, 38.9659)	(117, 38.9489)	(118, 38.957)	(119, 38.9629)	(120, 38.9718)	(121, 38.9802)	(122, 38.9759)	(123, 39.0004)	(124, 38.9654)	(125, 38.9552)	(126, 38.9154)	(127, 38.9212)	(128, 38.8857)	(129, 38.8229)	(130, 38.8421)	(131, 38.8402)	(132, 38.8388)	(133, 38.8259)	(134, 38.8103)	(135, 38.7613)	(136, 38.795)	(137, 38.7269)	(138, 38.6727)	(139, 38.584)	(140, 38.7129)	(141, 38.7186)	(142, 38.6929)	(143, 38.5974)	(144, 38.5941)	(145, 38.5498)	(146, 38.5359)	(147, 38.4509)	(148, 38.3301)	(149, 38.4258)	(150, 38.3696)
SRR39146898	(1, 38.872)	(2, 38.7856)	(3, 39.1969)	(4, 39.1334)	(5, 39.0091)	(6, 38.9451)	(7, 38.8738)	(8, 38.838)	(9, 38.7895)	(10, 38.7497)	(11, 38.909)	(12, 38.8458)	(13, 38.8208)	(14, 38.775)	(15, 38.8021)	(16, 39.4041)	(17, 39.3959)	(18, 39.4318)	(19, 39.426)	(20, 39.4194)	(21, 39.443)	(22, 39.453)	(23, 39.432)	(24, 39.4656)	(25, 39.462)	(26, 39.3116)	(27, 39.3012)	(28, 39.3117)	(29, 39.3089)	(30, 39.293)	(31, 39.2819)	(32, 39.2882)	(33, 39.3164)	(34, 39.3316)	(35, 39.3092)	(36, 39.3578)	(37, 39.3395)	(38, 39.3398)	(39, 39.3692)	(40, 39.3784)	(41, 39.382)	(42, 39.3567)	(43, 39.3461)	(44, 39.3271)	(45, 39.2964)	(46, 39.3173)	(47, 39.3226)	(48, 39.3334)	(49, 39.3167)	(50, 39.325)	(51, 39.3169)	(52, 39.3233)	(53, 39.2995)	(54, 39.3385)	(55, 39.3554)	(56, 39.3371)	(57, 39.3086)	(58, 39.3013)	(59, 39.2967)	(60, 39.2915)	(61, 39.2855)	(62, 39.2716)	(63, 39.2896)	(64, 39.3127)	(65, 39.323)	(66, 39.2965)	(67, 39.277)	(68, 39.2825)	(69, 39.2728)	(70, 39.263)	(71, 39.2445)	(72, 39.2307)	(73, 39.2363)	(74, 39.2221)	(75, 39.205)	(76, 39.2349)	(77, 39.222)	(78, 39.2167)	(79, 39.2138)	(80, 39.2032)	(81, 39.229)	(82, 39.2067)	(83, 39.2029)	(84, 39.2199)	(85, 39.199)	(86, 39.1687)	(87, 39.1573)	(88, 39.1622)	(89, 39.16)	(90, 39.1635)	(91, 39.1891)	(92, 39.1807)	(93, 39.1571)	(94, 39.1575)	(95, 39.1553)	(96, 39.1448)	(97, 39.1413)	(98, 39.1332)	(99, 39.1387)	(100, 39.1415)	(101, 39.1343)	(102, 39.1141)	(103, 39.1138)	(104, 39.1228)	(105, 39.0925)	(106, 39.1154)	(107, 39.0808)	(108, 38.9963)	(109, 39.0186)	(110, 39.0148)	(111, 39.0374)	(112, 39.0504)	(113, 39.0817)	(114, 39.0649)	(115, 39.0184)	(116, 38.9713)	(117, 38.9461)	(118, 38.9559)	(119, 38.9701)	(120, 38.982)	(121, 38.9811)	(122, 38.9801)	(123, 39.0048)	(124, 38.9732)	(125, 38.9566)	(126, 38.9135)	(127, 38.926)	(128, 38.8845)	(129, 38.8204)	(130, 38.8429)	(131, 38.843)	(132, 38.8431)	(133, 38.8298)	(134, 38.8095)	(135, 38.7682)	(136, 38.7988)	(137, 38.7221)	(138, 38.6748)	(139, 38.5837)	(140, 38.7136)	(141, 38.7192)	(142, 38.6906)	(143, 38.5916)	(144, 38.5932)	(145, 38.5542)	(146, 38.5379)	(147, 38.4488)	(148, 38.3279)	(149, 38.4262)	(150, 38.3644)
SRR39146899	(1, 38.8444)	(2, 38.753)	(3, 39.174)	(4, 39.0964)	(5, 38.964)	(6, 38.8975)	(7, 38.8218)	(8, 38.7753)	(9, 38.7259)	(10, 38.6821)	(11, 38.8483)	(12, 38.7781)	(13, 38.7525)	(14, 38.7056)	(15, 38.7324)	(16, 39.3718)	(17, 39.3653)	(18, 39.403)	(19, 39.3945)	(20, 39.3862)	(21, 39.4093)	(22, 39.4238)	(23, 39.4037)	(24, 39.4352)	(25, 39.4332)	(26, 39.2723)	(27, 39.2649)	(28, 39.2746)	(29, 39.2729)	(30, 39.2544)	(31, 39.2463)	(32, 39.251)	(33, 39.2829)	(34, 39.2963)	(35, 39.2736)	(36, 39.3237)	(37, 39.3083)	(38, 39.3034)	(39, 39.3405)	(40, 39.3449)	(41, 39.3531)	(42, 39.3243)	(43, 39.316)	(44, 39.2969)	(45, 39.2636)	(46, 39.2827)	(47, 39.2894)	(48, 39.3027)	(49, 39.2797)	(50, 39.2881)	(51, 39.2794)	(52, 39.2891)	(53, 39.265)	(54, 39.3084)	(55, 39.3256)	(56, 39.3037)	(57, 39.2743)	(58, 39.267)	(59, 39.2606)	(60, 39.2545)	(61, 39.2511)	(62, 39.2368)	(63, 39.2562)	(64, 39.2834)	(65, 39.2903)	(66, 39.2604)	(67, 39.241)	(68, 39.2476)	(69, 39.232)	(70, 39.2238)	(71, 39.2094)	(72, 39.1929)	(73, 39.1962)	(74, 39.1862)	(75, 39.1662)	(76, 39.1983)	(77, 39.1853)	(78, 39.1772)	(79, 39.1718)	(80, 39.1581)	(81, 39.1946)	(82, 39.1689)	(83, 39.1657)	(84, 39.1786)	(85, 39.1632)	(86, 39.1261)	(87, 39.1159)	(88, 39.119)	(89, 39.1172)	(90, 39.1231)	(91, 39.1475)	(92, 39.134)	(93, 39.1129)	(94, 39.1191)	(95, 39.1141)	(96, 39.1048)	(97, 39.1051)	(98, 39.0923)	(99, 39.0992)	(100, 39.0992)	(101, 39.0872)	(102, 39.0717)	(103, 39.0686)	(104, 39.0812)	(105, 39.0492)	(106, 39.0749)	(107, 39.0399)	(108, 38.949)	(109, 38.9737)	(110, 38.9713)	(111, 38.9944)	(112, 39.0026)	(113, 39.0366)	(114, 39.0179)	(115, 38.971)	(116, 38.921)	(117, 38.8988)	(118, 38.915)	(119, 38.9197)	(120, 38.929)	(121, 38.935)	(122, 38.9305)	(123, 38.9544)	(124, 38.9212)	(125, 38.908)	(126, 38.8666)	(127, 38.8733)	(128, 38.8336)	(129, 38.77)	(130, 38.7909)	(131, 38.7826)	(132, 38.7831)	(133, 38.7724)	(134, 38.7558)	(135, 38.7066)	(136, 38.7438)	(137, 38.6618)	(138, 38.6167)	(139, 38.5215)	(140, 38.6534)	(141, 38.6671)	(142, 38.6287)	(143, 38.5291)	(144, 38.5305)	(145, 38.4847)	(146, 38.4673)	(147, 38.383)	(148, 38.2545)	(149, 38.3534)	(150, 38.294)
SRR39146900	(1, 38.8636)	(2, 38.7888)	(3, 39.1977)	(4, 39.1277)	(5, 39.0034)	(6, 38.9434)	(7, 38.8726)	(8, 38.8354)	(9, 38.7931)	(10, 38.7453)	(11, 38.9073)	(12, 38.8443)	(13, 38.8217)	(14, 38.7774)	(15, 38.8)	(16, 39.4045)	(17, 39.3982)	(18, 39.4335)	(19, 39.4228)	(20, 39.419)	(21, 39.4423)	(22, 39.4529)	(23, 39.432)	(24, 39.4641)	(25, 39.4603)	(26, 39.3131)	(27, 39.3065)	(28, 39.3149)	(29, 39.3124)	(30, 39.2981)	(31, 39.2841)	(32, 39.2932)	(33, 39.321)	(34, 39.3315)	(35, 39.3106)	(36, 39.3637)	(37, 39.348)	(38, 39.3427)	(39, 39.3744)	(40, 39.3825)	(41, 39.3886)	(42, 39.3621)	(43, 39.352)	(44, 39.333)	(45, 39.3044)	(46, 39.3258)	(47, 39.3286)	(48, 39.3414)	(49, 39.3233)	(50, 39.3335)	(51, 39.3232)	(52, 39.3322)	(53, 39.3073)	(54, 39.349)	(55, 39.3642)	(56, 39.3457)	(57, 39.3149)	(58, 39.3098)	(59, 39.3045)	(60, 39.299)	(61, 39.2972)	(62, 39.2848)	(63, 39.2997)	(64, 39.3244)	(65, 39.3338)	(66, 39.3094)	(67, 39.2879)	(68, 39.295)	(69, 39.2804)	(70, 39.273)	(71, 39.258)	(72, 39.2445)	(73, 39.2486)	(74, 39.2401)	(75, 39.2182)	(76, 39.2514)	(77, 39.2375)	(78, 39.2248)	(79, 39.2279)	(80, 39.2143)	(81, 39.2499)	(82, 39.2246)	(83, 39.2177)	(84, 39.2358)	(85, 39.2159)	(86, 39.1839)	(87, 39.1732)	(88, 39.1766)	(89, 39.1749)	(90, 39.1773)	(91, 39.2041)	(92, 39.1967)	(93, 39.1712)	(94, 39.1728)	(95, 39.1694)	(96, 39.1653)	(97, 39.1629)	(98, 39.1531)	(99, 39.1576)	(100, 39.163)	(101, 39.145)	(102, 39.1336)	(103, 39.1296)	(104, 39.1425)	(105, 39.1127)	(106, 39.1355)	(107, 39.1026)	(108, 39.0167)	(109, 39.0406)	(110, 39.0407)	(111, 39.0556)	(112, 39.0722)	(113, 39.1001)	(114, 39.0845)	(115, 39.0409)	(116, 38.9938)	(117, 38.9697)	(118, 38.9826)	(119, 38.9946)	(120, 39.0013)	(121, 39.0048)	(122, 38.9999)	(123, 39.0277)	(124, 38.9979)	(125, 38.9816)	(126, 38.9381)	(127, 38.9497)	(128, 38.9125)	(129, 38.8471)	(130, 38.8687)	(131, 38.8683)	(132, 38.8683)	(133, 38.8552)	(134, 38.8414)	(135, 38.795)	(136, 38.8268)	(137, 38.7525)	(138, 38.7052)	(139, 38.6142)	(140, 38.742)	(141, 38.7503)	(142, 38.7236)	(143, 38.6249)	(144, 38.6189)	(145, 38.584)	(146, 38.5685)	(147, 38.479)	(148, 38.3667)	(149, 38.4598)	(150, 38.4022)
