Sample	0	1	2	3	4	5	6	7	8	9	10	11	12	13	14	15	16	17	18	19	20	21	22	23
SRR39139285_1	(35, 5634.0)	(40, 6619.0)	(45, 6182.0)	(50, 5776.0)	(55, 5565.0)	(60, 5317.0)	(65, 5529.0)	(70, 5741.0)	(75, 5637.0)	(80, 5690.0)	(85, 6066.0)	(90, 5967.0)	(95, 6206.0)	(100, 6581.0)	(105, 7515.0)	(110, 7593.0)	(115, 8515.0)	(120, 8752.0)	(125, 10741.0)	(130, 12157.0)	(135, 15290.0)	(140, 18992.0)	(145, 8634.0)	(150, 4986089.0)
SRR39139285_2	(35, 8553.0)	(40, 8697.0)	(45, 7793.0)	(50, 6995.0)	(55, 6912.0)	(60, 6681.0)	(65, 6737.0)	(70, 6852.0)	(75, 6822.0)	(80, 7112.0)	(85, 7562.0)	(90, 7844.0)	(95, 8348.0)	(100, 9138.0)	(105, 10058.0)	(110, 10878.0)	(115, 11556.0)	(120, 14421.0)	(125, 16779.0)	(130, 19005.0)	(135, 22898.0)	(140, 26336.0)	(145, 10668.0)	(150, 4918143.0)
SRR39146138_1	(35, 5876.0)	(40, 7169.0)	(45, 6601.0)	(50, 6239.0)	(55, 6245.0)	(60, 5942.0)	(65, 6103.0)	(70, 6226.0)	(75, 6324.0)	(80, 6344.0)	(85, 6521.0)	(90, 6430.0)	(95, 6960.0)	(100, 7345.0)	(105, 8452.0)	(110, 8744.0)	(115, 9895.0)	(120, 10238.0)	(125, 12661.0)	(130, 14633.0)	(135, 18115.0)	(140, 22521.0)	(145, 12045.0)	(150, 5180952.0)
SRR39146138_2	(35, 9676.0)	(40, 9697.0)	(45, 8572.0)	(50, 7736.0)	(55, 7558.0)	(60, 7561.0)	(65, 7267.0)	(70, 7545.0)	(75, 7578.0)	(80, 8093.0)	(85, 8302.0)	(90, 8754.0)	(95, 9516.0)	(100, 10500.0)	(105, 11460.0)	(110, 12347.0)	(115, 13602.0)	(120, 16931.0)	(125, 19797.0)	(130, 22538.0)	(135, 27003.0)	(140, 31030.0)	(145, 14771.0)	(150, 5100747.0)
SRR39146893_1	(35, 5071.0)	(40, 5991.0)	(45, 5476.0)	(50, 5175.0)	(55, 5218.0)	(60, 4973.0)	(65, 4999.0)	(70, 4874.0)	(75, 4974.0)	(80, 5066.0)	(85, 5358.0)	(90, 5286.0)	(95, 5605.0)	(100, 5920.0)	(105, 6671.0)	(110, 6931.0)	(115, 7850.0)	(120, 7990.0)	(125, 9610.0)	(130, 11010.0)	(135, 13918.0)	(140, 17709.0)	(145, 7672.0)	(150, 4523197.0)
SRR39146893_2	(35, 9146.0)	(40, 8972.0)	(45, 7790.0)	(50, 7227.0)	(55, 6925.0)	(60, 6789.0)	(65, 6586.0)	(70, 6746.0)	(75, 6895.0)	(80, 7082.0)	(85, 7186.0)	(90, 7656.0)	(95, 8324.0)	(100, 9117.0)	(105, 10265.0)	(110, 10984.0)	(115, 11563.0)	(120, 14725.0)	(125, 16927.0)	(130, 19179.0)	(135, 23020.0)	(140, 25973.0)	(145, 10399.0)	(150, 4437068.0)
SRR39146894_1	(35, 5170.0)	(40, 6341.0)	(45, 5800.0)	(50, 5274.0)	(55, 5378.0)	(60, 5064.0)	(65, 5335.0)	(70, 5405.0)	(75, 5293.0)	(80, 5214.0)	(85, 5546.0)	(90, 5493.0)	(95, 5795.0)	(100, 6132.0)	(105, 6908.0)	(110, 7254.0)	(115, 8136.0)	(120, 8521.0)	(125, 10068.0)	(130, 11677.0)	(135, 14977.0)	(140, 18509.0)	(145, 9372.0)	(150, 4665806.0)
SRR39146894_2	(35, 8527.0)	(40, 8546.0)	(45, 7555.0)	(50, 6851.0)	(55, 6701.0)	(60, 6551.0)	(65, 6400.0)	(70, 6718.0)	(75, 6573.0)	(80, 7012.0)	(85, 7152.0)	(90, 7338.0)	(95, 7916.0)	(100, 8848.0)	(105, 9830.0)	(110, 10510.0)	(115, 11208.0)	(120, 14283.0)	(125, 16287.0)	(130, 18867.0)	(135, 22463.0)	(140, 25911.0)	(145, 11456.0)	(150, 4594965.0)
SRR39146895_1	(35, 5576.0)	(40, 6742.0)	(45, 6190.0)	(50, 5942.0)	(55, 5977.0)	(60, 5692.0)	(65, 5684.0)	(70, 6003.0)	(75, 5996.0)	(80, 6203.0)	(85, 6310.0)	(90, 6415.0)	(95, 6601.0)	(100, 6939.0)	(105, 8123.0)	(110, 8037.0)	(115, 9257.0)	(120, 9471.0)	(125, 11512.0)	(130, 12899.0)	(135, 16319.0)	(140, 20049.0)	(145, 9338.0)	(150, 4922603.0)
SRR39146895_2	(35, 9424.0)	(40, 9802.0)	(45, 8768.0)	(50, 7924.0)	(55, 7765.0)	(60, 7670.0)	(65, 7646.0)	(70, 7929.0)	(75, 7910.0)	(80, 8291.0)	(85, 8536.0)	(90, 8971.0)	(95, 9382.0)	(100, 10625.0)	(105, 11680.0)	(110, 12308.0)	(115, 13156.0)	(120, 16519.0)	(125, 18884.0)	(130, 21454.0)	(135, 25342.0)	(140, 29072.0)	(145, 12386.0)	(150, 4832434.0)
SRR39146896_1	(35, 5105.0)	(40, 5904.0)	(45, 5521.0)	(50, 4974.0)	(55, 5145.0)	(60, 4859.0)	(65, 4874.0)	(70, 5167.0)	(75, 4950.0)	(80, 5093.0)	(85, 5440.0)	(90, 5352.0)	(95, 5668.0)	(100, 5949.0)	(105, 6723.0)	(110, 6810.0)	(115, 7785.0)	(120, 8045.0)	(125, 9914.0)	(130, 11179.0)	(135, 14399.0)	(140, 18169.0)	(145, 8418.0)	(150, 4149032.0)
SRR39146896_2	(35, 8950.0)	(40, 8831.0)	(45, 7724.0)	(50, 7045.0)	(55, 6840.0)	(60, 6740.0)	(65, 6750.0)	(70, 6858.0)	(75, 6819.0)	(80, 7247.0)	(85, 7436.0)	(90, 7806.0)	(95, 8250.0)	(100, 9156.0)	(105, 10236.0)	(110, 10930.0)	(115, 11677.0)	(120, 14901.0)	(125, 16936.0)	(130, 19252.0)	(135, 23091.0)	(140, 26559.0)	(145, 10867.0)	(150, 4063574.0)
SRR39146897_1	(35, 5629.0)	(40, 6851.0)	(45, 6401.0)	(50, 5956.0)	(55, 5787.0)	(60, 5642.0)	(65, 5597.0)	(70, 5976.0)	(75, 5852.0)	(80, 5737.0)	(85, 6241.0)	(90, 6183.0)	(95, 6465.0)	(100, 6742.0)	(105, 7762.0)	(110, 7977.0)	(115, 8840.0)	(120, 9236.0)	(125, 11353.0)	(130, 12846.0)	(135, 15899.0)	(140, 20084.0)	(145, 9861.0)	(150, 4818266.0)
SRR39146897_2	(35, 9567.0)	(40, 9672.0)	(45, 8643.0)	(50, 7763.0)	(55, 7462.0)	(60, 7603.0)	(65, 7309.0)	(70, 7429.0)	(75, 7569.0)	(80, 7823.0)	(85, 8063.0)	(90, 8424.0)	(95, 9110.0)	(100, 10079.0)	(105, 11194.0)	(110, 11857.0)	(115, 12632.0)	(120, 15860.0)	(125, 18550.0)	(130, 21068.0)	(135, 25246.0)	(140, 28885.0)	(145, 12639.0)	(150, 4732736.0)
SRR39146898_1	(35, 6002.0)	(40, 6967.0)	(45, 6584.0)	(50, 6055.0)	(55, 6025.0)	(60, 5782.0)	(65, 5897.0)	(70, 6296.0)	(75, 6100.0)	(80, 6075.0)	(85, 6436.0)	(90, 6371.0)	(95, 6642.0)	(100, 6915.0)	(105, 8039.0)	(110, 8047.0)	(115, 9344.0)	(120, 9609.0)	(125, 11390.0)	(130, 13091.0)	(135, 16450.0)	(140, 20355.0)	(145, 9328.0)	(150, 5114824.0)
SRR39146898_2	(35, 9445.0)	(40, 9491.0)	(45, 8366.0)	(50, 7550.0)	(55, 7395.0)	(60, 7411.0)	(65, 7180.0)	(70, 7327.0)	(75, 7625.0)	(80, 7788.0)	(85, 8072.0)	(90, 8521.0)	(95, 9191.0)	(100, 9995.0)	(105, 11305.0)	(110, 11875.0)	(115, 12799.0)	(120, 15992.0)	(125, 18452.0)	(130, 21043.0)	(135, 24980.0)	(140, 28331.0)	(145, 11837.0)	(150, 5036653.0)
SRR39146899_1	(35, 4878.0)	(40, 5715.0)	(45, 5306.0)	(50, 4934.0)	(55, 4998.0)	(60, 4703.0)	(65, 4763.0)	(70, 5051.0)	(75, 4875.0)	(80, 4979.0)	(85, 5280.0)	(90, 5224.0)	(95, 5468.0)	(100, 5707.0)	(105, 6670.0)	(110, 6705.0)	(115, 7671.0)	(120, 8084.0)	(125, 9553.0)	(130, 11170.0)	(135, 13939.0)	(140, 17566.0)	(145, 7790.0)	(150, 4200757.0)
SRR39146899_2	(35, 8195.0)	(40, 8362.0)	(45, 7094.0)	(50, 6413.0)	(55, 6428.0)	(60, 6132.0)	(65, 6195.0)	(70, 6389.0)	(75, 6583.0)	(80, 6697.0)	(85, 6882.0)	(90, 7442.0)	(95, 7719.0)	(100, 8668.0)	(105, 9578.0)	(110, 10270.0)	(115, 10982.0)	(120, 13919.0)	(125, 16069.0)	(130, 18189.0)	(135, 21899.0)	(140, 24950.0)	(145, 10025.0)	(150, 4126706.0)
SRR39146900_1	(35, 5597.0)	(40, 6802.0)	(45, 6393.0)	(50, 5783.0)	(55, 5665.0)	(60, 5511.0)	(65, 5598.0)	(70, 5717.0)	(75, 5725.0)	(80, 5743.0)	(85, 6022.0)	(90, 6011.0)	(95, 6311.0)	(100, 6725.0)	(105, 7808.0)	(110, 7846.0)	(115, 8836.0)	(120, 9333.0)	(125, 10978.0)	(130, 12666.0)	(135, 15970.0)	(140, 19723.0)	(145, 10094.0)	(150, 4943843.0)
SRR39146900_2	(35, 8292.0)	(40, 8347.0)	(45, 7495.0)	(50, 6691.0)	(55, 6614.0)	(60, 6746.0)	(65, 6564.0)	(70, 6704.0)	(75, 6762.0)	(80, 7076.0)	(85, 7151.0)	(90, 7498.0)	(95, 8166.0)	(100, 9035.0)	(105, 10007.0)	(110, 10639.0)	(115, 11514.0)	(120, 14723.0)	(125, 16956.0)	(130, 19343.0)	(135, 23392.0)	(140, 26357.0)	(145, 12152.0)	(150, 4882476.0)
