Sample	0	1	2	3	4	5	6	7	8	9	10	11	12	13	14	15	16	17	18	19	20	21	22	23	24	25	26	27	28	29	30	31	32	33	34	35	36	37	38	39	40	41	42	43	44	45	46	47	48	49	50	51	52	53	54	55	56	57	58	59	60	61	62	63	64	65	66	67	68	69	70	71	72	73	74	75	76	77	78	79	80	81	82	83	84	85	86	87	88	89	90	91	92	93	94	95	96	97	98	99	100	101	102	103	104	105	106	107	108	109	110	111	112	113	114	115	116	117	118	119	120	121	122	123	124	125	126	127	128	129	130	131	132	133	134	135	136	137	138	139	140	141	142	143	144	145	146	147	148	149
SRR39139285	(1, 38.1016)	(2, 38.7651)	(3, 39.1212)	(4, 39.1663)	(5, 39.1723)	(6, 39.1636)	(7, 39.1573)	(8, 39.1675)	(9, 39.2273)	(10, 39.2577)	(11, 39.271)	(12, 39.2847)	(13, 39.2973)	(14, 39.2713)	(15, 39.2863)	(16, 39.347)	(17, 39.3482)	(18, 39.3629)	(19, 39.3569)	(20, 39.3613)	(21, 39.3634)	(22, 39.359)	(23, 39.348)	(24, 39.3431)	(25, 39.3692)	(26, 39.2087)	(27, 39.2158)	(28, 39.1915)	(29, 39.193)	(30, 39.1698)	(31, 39.188)	(32, 39.209)	(33, 39.206)	(34, 39.2306)	(35, 39.227)	(36, 39.1791)	(37, 39.1662)	(38, 39.1348)	(39, 39.1813)	(40, 39.1812)	(41, 39.1832)	(42, 39.2026)	(43, 39.2287)	(44, 39.2111)	(45, 39.1971)	(46, 39.2188)	(47, 39.1829)	(48, 39.2087)	(49, 39.2062)	(50, 39.1738)	(51, 39.1839)	(52, 39.1703)	(53, 39.1798)	(54, 39.1891)	(55, 39.2075)	(56, 39.1911)	(57, 39.1723)	(58, 39.1333)	(59, 39.0951)	(60, 39.1896)	(61, 39.1739)	(62, 39.1477)	(63, 39.135)	(64, 39.1185)	(65, 39.1039)	(66, 39.0899)	(67, 39.1288)	(68, 39.1339)	(69, 39.1322)	(70, 39.1056)	(71, 39.0721)	(72, 39.0679)	(73, 39.0742)	(74, 39.0718)	(75, 39.0765)	(76, 39.0862)	(77, 39.0437)	(78, 39.0665)	(79, 39.0408)	(80, 39.0653)	(81, 39.0265)	(82, 39.0081)	(83, 39.0118)	(84, 39.0085)	(85, 39.0134)	(86, 38.9979)	(87, 39.0129)	(88, 39.0151)	(89, 38.9847)	(90, 38.9851)	(91, 38.9785)	(92, 38.974)	(93, 38.9195)	(94, 38.9476)	(95, 38.9432)	(96, 38.9455)	(97, 38.912)	(98, 38.956)	(99, 38.8983)	(100, 38.8715)	(101, 38.8942)	(102, 38.848)	(103, 38.8605)	(104, 38.8252)	(105, 38.8374)	(106, 38.815)	(107, 38.8336)	(108, 38.7759)	(109, 38.7623)	(110, 38.7856)	(111, 38.7757)	(112, 38.714)	(113, 38.8033)	(114, 38.7399)	(115, 38.7353)	(116, 38.7481)	(117, 38.7645)	(118, 38.7457)	(119, 38.7108)	(120, 38.6934)	(121, 38.6585)	(122, 38.68)	(123, 38.6375)	(124, 38.6458)	(125, 38.5083)	(126, 38.4558)	(127, 38.4952)	(128, 38.4889)	(129, 38.5686)	(130, 38.4787)	(131, 38.5308)	(132, 38.4129)	(133, 38.4879)	(134, 38.4502)	(135, 38.4107)	(136, 38.4076)	(137, 38.3465)	(138, 38.3033)	(139, 38.3726)	(140, 38.3435)	(141, 38.2559)	(142, 38.3332)	(143, 38.2248)	(144, 38.3518)	(145, 38.3444)	(146, 38.3132)	(147, 38.0951)	(148, 38.0799)	(149, 37.9585)	(150, 38.0358)
SRR39146138	(1, 38.0924)	(2, 38.8483)	(3, 39.1369)	(4, 39.1418)	(5, 39.1509)	(6, 39.1517)	(7, 39.144)	(8, 39.1465)	(9, 39.2062)	(10, 39.2229)	(11, 39.2393)	(12, 39.2518)	(13, 39.2709)	(14, 39.2509)	(15, 39.2691)	(16, 39.3214)	(17, 39.3203)	(18, 39.3337)	(19, 39.327)	(20, 39.3255)	(21, 39.3324)	(22, 39.3298)	(23, 39.321)	(24, 39.3143)	(25, 39.339)	(26, 39.1888)	(27, 39.1939)	(28, 39.1822)	(29, 39.1845)	(30, 39.1648)	(31, 39.1777)	(32, 39.1956)	(33, 39.1841)	(34, 39.2063)	(35, 39.2042)	(36, 39.1488)	(37, 39.1342)	(38, 39.0991)	(39, 39.1464)	(40, 39.1379)	(41, 39.1376)	(42, 39.1557)	(43, 39.1844)	(44, 39.1702)	(45, 39.1535)	(46, 39.1718)	(47, 39.1398)	(48, 39.1648)	(49, 39.1631)	(50, 39.13)	(51, 39.1445)	(52, 39.1226)	(53, 39.1388)	(54, 39.1511)	(55, 39.1694)	(56, 39.1574)	(57, 39.1316)	(58, 39.0904)	(59, 39.0562)	(60, 39.153)	(61, 39.1395)	(62, 39.1102)	(63, 39.0948)	(64, 39.0853)	(65, 39.0705)	(66, 39.0519)	(67, 39.0915)	(68, 39.0987)	(69, 39.0991)	(70, 39.0738)	(71, 39.0424)	(72, 39.0388)	(73, 39.0453)	(74, 39.0412)	(75, 39.0404)	(76, 39.0533)	(77, 39.013)	(78, 39.03)	(79, 39.0125)	(80, 39.0344)	(81, 38.9941)	(82, 38.9751)	(83, 38.983)	(84, 38.9764)	(85, 38.9833)	(86, 38.9689)	(87, 38.9762)	(88, 38.9784)	(89, 38.9514)	(90, 38.9493)	(91, 38.9441)	(92, 38.9381)	(93, 38.8865)	(94, 38.9105)	(95, 38.9122)	(96, 38.914)	(97, 38.8789)	(98, 38.924)	(99, 38.867)	(100, 38.8439)	(101, 38.8566)	(102, 38.8147)	(103, 38.826)	(104, 38.7905)	(105, 38.8031)	(106, 38.7811)	(107, 38.7906)	(108, 38.7391)	(109, 38.7229)	(110, 38.7545)	(111, 38.7363)	(112, 38.6798)	(113, 38.7643)	(114, 38.701)	(115, 38.7024)	(116, 38.7104)	(117, 38.7255)	(118, 38.7084)	(119, 38.6741)	(120, 38.6559)	(121, 38.6131)	(122, 38.6423)	(123, 38.597)	(124, 38.6045)	(125, 38.4705)	(126, 38.4163)	(127, 38.4528)	(128, 38.4504)	(129, 38.5289)	(130, 38.4327)	(131, 38.4911)	(132, 38.3691)	(133, 38.4486)	(134, 38.4102)	(135, 38.3698)	(136, 38.3666)	(137, 38.3048)	(138, 38.2619)	(139, 38.3312)	(140, 38.2988)	(141, 38.2095)	(142, 38.2909)	(143, 38.1848)	(144, 38.3006)	(145, 38.3001)	(146, 38.2707)	(147, 38.0494)	(148, 38.0292)	(149, 37.9121)	(150, 37.9868)
SRR39146893	(1, 37.9187)	(2, 38.6798)	(3, 39.0073)	(4, 39.0575)	(5, 39.0677)	(6, 39.0787)	(7, 39.085)	(8, 39.0962)	(9, 39.1534)	(10, 39.1703)	(11, 39.1888)	(12, 39.2012)	(13, 39.221)	(14, 39.1981)	(15, 39.219)	(16, 39.2758)	(17, 39.2736)	(18, 39.2936)	(19, 39.2867)	(20, 39.2835)	(21, 39.2886)	(22, 39.2885)	(23, 39.2745)	(24, 39.2705)	(25, 39.2956)	(26, 39.1229)	(27, 39.1308)	(28, 39.1187)	(29, 39.1242)	(30, 39.1014)	(31, 39.1199)	(32, 39.1383)	(33, 39.1244)	(34, 39.154)	(35, 39.15)	(36, 39.0943)	(37, 39.084)	(38, 39.0396)	(39, 39.0926)	(40, 39.0839)	(41, 39.084)	(42, 39.0999)	(43, 39.1329)	(44, 39.1204)	(45, 39.0957)	(46, 39.12)	(47, 39.0821)	(48, 39.108)	(49, 39.1069)	(50, 39.0756)	(51, 39.0858)	(52, 39.067)	(53, 39.0756)	(54, 39.0947)	(55, 39.1166)	(56, 39.0989)	(57, 39.0773)	(58, 39.0322)	(59, 38.993)	(60, 39.0984)	(61, 39.0845)	(62, 39.0513)	(63, 39.0371)	(64, 39.0271)	(65, 39.0079)	(66, 38.9947)	(67, 39.0294)	(68, 39.0409)	(69, 39.0416)	(70, 39.017)	(71, 38.9829)	(72, 38.9735)	(73, 38.9826)	(74, 38.9764)	(75, 38.9744)	(76, 38.9936)	(77, 38.949)	(78, 38.9693)	(79, 38.9434)	(80, 38.9705)	(81, 38.9263)	(82, 38.9052)	(83, 38.9125)	(84, 38.91)	(85, 38.9202)	(86, 38.898)	(87, 38.9154)	(88, 38.9171)	(89, 38.8807)	(90, 38.8828)	(91, 38.8804)	(92, 38.8708)	(93, 38.8187)	(94, 38.8432)	(95, 38.8423)	(96, 38.8441)	(97, 38.8084)	(98, 38.8615)	(99, 38.7986)	(100, 38.7687)	(101, 38.7862)	(102, 38.7381)	(103, 38.7509)	(104, 38.716)	(105, 38.7283)	(106, 38.7022)	(107, 38.7161)	(108, 38.6638)	(109, 38.6459)	(110, 38.6784)	(111, 38.6617)	(112, 38.5999)	(113, 38.6921)	(114, 38.6267)	(115, 38.6229)	(116, 38.632)	(117, 38.645)	(118, 38.6268)	(119, 38.5949)	(120, 38.5773)	(121, 38.5336)	(122, 38.5652)	(123, 38.5129)	(124, 38.5239)	(125, 38.3836)	(126, 38.3283)	(127, 38.3699)	(128, 38.3685)	(129, 38.4491)	(130, 38.3441)	(131, 38.4043)	(132, 38.2821)	(133, 38.3597)	(134, 38.3244)	(135, 38.2839)	(136, 38.2798)	(137, 38.219)	(138, 38.1696)	(139, 38.2472)	(140, 38.2083)	(141, 38.1199)	(142, 38.2066)	(143, 38.0962)	(144, 38.2231)	(145, 38.2167)	(146, 38.1864)	(147, 37.9582)	(148, 37.9326)	(149, 37.8073)	(150, 37.8939)
SRR39146894	(1, 38.158)	(2, 38.8574)	(3, 39.1394)	(4, 39.1437)	(5, 39.1678)	(6, 39.1693)	(7, 39.1715)	(8, 39.1759)	(9, 39.223)	(10, 39.246)	(11, 39.2652)	(12, 39.2731)	(13, 39.2868)	(14, 39.2713)	(15, 39.2877)	(16, 39.3426)	(17, 39.3402)	(18, 39.3536)	(19, 39.3532)	(20, 39.3492)	(21, 39.3545)	(22, 39.3463)	(23, 39.3351)	(24, 39.3289)	(25, 39.3545)	(26, 39.2063)	(27, 39.2137)	(28, 39.1992)	(29, 39.1982)	(30, 39.1846)	(31, 39.2044)	(32, 39.2131)	(33, 39.2042)	(34, 39.2271)	(35, 39.2252)	(36, 39.1736)	(37, 39.1609)	(38, 39.1225)	(39, 39.165)	(40, 39.1597)	(41, 39.1605)	(42, 39.1753)	(43, 39.2039)	(44, 39.1926)	(45, 39.169)	(46, 39.192)	(47, 39.1545)	(48, 39.1803)	(49, 39.1759)	(50, 39.1504)	(51, 39.1574)	(52, 39.1416)	(53, 39.1509)	(54, 39.1644)	(55, 39.1864)	(56, 39.1699)	(57, 39.1492)	(58, 39.1084)	(59, 39.0752)	(60, 39.1693)	(61, 39.1498)	(62, 39.1236)	(63, 39.1112)	(64, 39.0992)	(65, 39.0831)	(66, 39.0743)	(67, 39.1076)	(68, 39.1173)	(69, 39.1099)	(70, 39.0859)	(71, 39.059)	(72, 39.0512)	(73, 39.0597)	(74, 39.0549)	(75, 39.0553)	(76, 39.0701)	(77, 39.0316)	(78, 39.049)	(79, 39.0258)	(80, 39.0476)	(81, 39.0106)	(82, 38.9911)	(83, 38.9985)	(84, 38.9929)	(85, 38.9927)	(86, 38.9849)	(87, 38.9971)	(88, 38.9946)	(89, 38.9653)	(90, 38.9708)	(91, 38.9627)	(92, 38.9603)	(93, 38.9069)	(94, 38.9292)	(95, 38.9322)	(96, 38.931)	(97, 38.8971)	(98, 38.9451)	(99, 38.8888)	(100, 38.8571)	(101, 38.8725)	(102, 38.8298)	(103, 38.8491)	(104, 38.8102)	(105, 38.8231)	(106, 38.8027)	(107, 38.8127)	(108, 38.7629)	(109, 38.746)	(110, 38.775)	(111, 38.7616)	(112, 38.7029)	(113, 38.7884)	(114, 38.7267)	(115, 38.7229)	(116, 38.7371)	(117, 38.7457)	(118, 38.7291)	(119, 38.6995)	(120, 38.6785)	(121, 38.6443)	(122, 38.6651)	(123, 38.6182)	(124, 38.6294)	(125, 38.5003)	(126, 38.4411)	(127, 38.477)	(128, 38.476)	(129, 38.5542)	(130, 38.4601)	(131, 38.5119)	(132, 38.3945)	(133, 38.4725)	(134, 38.4378)	(135, 38.4002)	(136, 38.3946)	(137, 38.3388)	(138, 38.2878)	(139, 38.3634)	(140, 38.328)	(141, 38.2487)	(142, 38.3236)	(143, 38.2212)	(144, 38.3373)	(145, 38.3362)	(146, 38.3069)	(147, 38.083)	(148, 38.0681)	(149, 37.9438)	(150, 38.0329)
SRR39146895	(1, 38.0484)	(2, 38.7587)	(3, 39.0886)	(4, 39.1049)	(5, 39.1144)	(6, 39.1063)	(7, 39.1155)	(8, 39.1206)	(9, 39.1776)	(10, 39.2063)	(11, 39.2158)	(12, 39.2328)	(13, 39.2465)	(14, 39.2262)	(15, 39.2452)	(16, 39.3001)	(17, 39.3047)	(18, 39.3163)	(19, 39.3124)	(20, 39.3136)	(21, 39.3193)	(22, 39.3169)	(23, 39.3049)	(24, 39.2994)	(25, 39.3233)	(26, 39.1693)	(27, 39.1745)	(28, 39.1607)	(29, 39.1622)	(30, 39.1438)	(31, 39.1551)	(32, 39.1738)	(33, 39.1653)	(34, 39.1892)	(35, 39.1889)	(36, 39.1312)	(37, 39.1192)	(38, 39.079)	(39, 39.1291)	(40, 39.1195)	(41, 39.1159)	(42, 39.1369)	(43, 39.1651)	(44, 39.1518)	(45, 39.1298)	(46, 39.1517)	(47, 39.1111)	(48, 39.1405)	(49, 39.1363)	(50, 39.1044)	(51, 39.1152)	(52, 39.1011)	(53, 39.1146)	(54, 39.1285)	(55, 39.1431)	(56, 39.1267)	(57, 39.1044)	(58, 39.0634)	(59, 39.0278)	(60, 39.1267)	(61, 39.113)	(62, 39.0809)	(63, 39.0702)	(64, 39.0557)	(65, 39.0375)	(66, 39.0258)	(67, 39.0664)	(68, 39.0683)	(69, 39.0699)	(70, 39.046)	(71, 39.0111)	(72, 39.0081)	(73, 39.0114)	(74, 39.0124)	(75, 39.0113)	(76, 39.0231)	(77, 38.9833)	(78, 39.0025)	(79, 38.9759)	(80, 39.0025)	(81, 38.9583)	(82, 38.9424)	(83, 38.9487)	(84, 38.9417)	(85, 38.9475)	(86, 38.9321)	(87, 38.9473)	(88, 38.9463)	(89, 38.9154)	(90, 38.9195)	(91, 38.915)	(92, 38.908)	(93, 38.8536)	(94, 38.8792)	(95, 38.8801)	(96, 38.8783)	(97, 38.8434)	(98, 38.8894)	(99, 38.8343)	(100, 38.8022)	(101, 38.8205)	(102, 38.7717)	(103, 38.7918)	(104, 38.7553)	(105, 38.7679)	(106, 38.7457)	(107, 38.7535)	(108, 38.7022)	(109, 38.6853)	(110, 38.7151)	(111, 38.6983)	(112, 38.6396)	(113, 38.7258)	(114, 38.6645)	(115, 38.6594)	(116, 38.6738)	(117, 38.6879)	(118, 38.6749)	(119, 38.6348)	(120, 38.6156)	(121, 38.5743)	(122, 38.6009)	(123, 38.5586)	(124, 38.5629)	(125, 38.4287)	(126, 38.3687)	(127, 38.4154)	(128, 38.4004)	(129, 38.4898)	(130, 38.3885)	(131, 38.4489)	(132, 38.3269)	(133, 38.4034)	(134, 38.3619)	(135, 38.3274)	(136, 38.3178)	(137, 38.2616)	(138, 38.213)	(139, 38.2877)	(140, 38.2498)	(141, 38.1718)	(142, 38.2474)	(143, 38.1423)	(144, 38.2583)	(145, 38.2537)	(146, 38.2236)	(147, 38.0025)	(148, 37.9806)	(149, 37.8583)	(150, 37.9339)
SRR39146896	(1, 37.927)	(2, 38.6807)	(3, 38.9966)	(4, 39.0284)	(5, 39.0362)	(6, 39.0403)	(7, 39.0486)	(8, 39.0515)	(9, 39.1138)	(10, 39.1382)	(11, 39.1477)	(12, 39.1699)	(13, 39.1848)	(14, 39.1664)	(15, 39.184)	(16, 39.2465)	(17, 39.2522)	(18, 39.2659)	(19, 39.2564)	(20, 39.2623)	(21, 39.2655)	(22, 39.2649)	(23, 39.2529)	(24, 39.2467)	(25, 39.2745)	(26, 39.0926)	(27, 39.1055)	(28, 39.0896)	(29, 39.0945)	(30, 39.071)	(31, 39.0919)	(32, 39.1121)	(33, 39.0951)	(34, 39.1222)	(35, 39.1208)	(36, 39.0624)	(37, 39.0525)	(38, 39.0077)	(39, 39.0615)	(40, 39.0493)	(41, 39.0505)	(42, 39.0701)	(43, 39.1038)	(44, 39.0887)	(45, 39.0656)	(46, 39.0925)	(47, 39.0446)	(48, 39.075)	(49, 39.0762)	(50, 39.0416)	(51, 39.0547)	(52, 39.0397)	(53, 39.048)	(54, 39.0657)	(55, 39.085)	(56, 39.0634)	(57, 39.045)	(58, 39.0034)	(59, 38.9646)	(60, 39.0656)	(61, 39.0528)	(62, 39.019)	(63, 39.0066)	(64, 38.9903)	(65, 38.9764)	(66, 38.9575)	(67, 38.996)	(68, 39.0101)	(69, 39.0079)	(70, 38.9819)	(71, 38.9482)	(72, 38.9418)	(73, 38.9461)	(74, 38.9429)	(75, 38.9446)	(76, 38.953)	(77, 38.9163)	(78, 38.9338)	(79, 38.9084)	(80, 38.9329)	(81, 38.8912)	(82, 38.8709)	(83, 38.8794)	(84, 38.8765)	(85, 38.8838)	(86, 38.8623)	(87, 38.8809)	(88, 38.8794)	(89, 38.8459)	(90, 38.8472)	(91, 38.8439)	(92, 38.8352)	(93, 38.7795)	(94, 38.8092)	(95, 38.8045)	(96, 38.8038)	(97, 38.7708)	(98, 38.8207)	(99, 38.7598)	(100, 38.7337)	(101, 38.7501)	(102, 38.7007)	(103, 38.7147)	(104, 38.6783)	(105, 38.6868)	(106, 38.6685)	(107, 38.6784)	(108, 38.6285)	(109, 38.6072)	(110, 38.6408)	(111, 38.6212)	(112, 38.5534)	(113, 38.6518)	(114, 38.5782)	(115, 38.5802)	(116, 38.5952)	(117, 38.6079)	(118, 38.5903)	(119, 38.5541)	(120, 38.5369)	(121, 38.4881)	(122, 38.5195)	(123, 38.471)	(124, 38.4858)	(125, 38.339)	(126, 38.2826)	(127, 38.3213)	(128, 38.3127)	(129, 38.4074)	(130, 38.3049)	(131, 38.361)	(132, 38.2353)	(133, 38.3144)	(134, 38.2782)	(135, 38.2426)	(136, 38.2321)	(137, 38.1707)	(138, 38.117)	(139, 38.1961)	(140, 38.1626)	(141, 38.0751)	(142, 38.1595)	(143, 38.0444)	(144, 38.1711)	(145, 38.1672)	(146, 38.1416)	(147, 37.9063)	(148, 37.8815)	(149, 37.7598)	(150, 37.839)
SRR39146897	(1, 38.0409)	(2, 38.8008)	(3, 39.0964)	(4, 39.1008)	(5, 39.1292)	(6, 39.1311)	(7, 39.1348)	(8, 39.1399)	(9, 39.1908)	(10, 39.2147)	(11, 39.231)	(12, 39.239)	(13, 39.2582)	(14, 39.2404)	(15, 39.259)	(16, 39.3155)	(17, 39.3112)	(18, 39.3317)	(19, 39.3261)	(20, 39.3237)	(21, 39.3241)	(22, 39.3172)	(23, 39.3078)	(24, 39.3024)	(25, 39.3277)	(26, 39.1644)	(27, 39.1776)	(28, 39.1613)	(29, 39.1631)	(30, 39.1427)	(31, 39.1586)	(32, 39.1776)	(33, 39.166)	(34, 39.1903)	(35, 39.1865)	(36, 39.1351)	(37, 39.1194)	(38, 39.0828)	(39, 39.1314)	(40, 39.1236)	(41, 39.123)	(42, 39.1424)	(43, 39.1675)	(44, 39.1584)	(45, 39.1356)	(46, 39.1561)	(47, 39.1208)	(48, 39.1442)	(49, 39.145)	(50, 39.1096)	(51, 39.121)	(52, 39.1054)	(53, 39.114)	(54, 39.1345)	(55, 39.1489)	(56, 39.133)	(57, 39.1126)	(58, 39.0724)	(59, 39.0351)	(60, 39.1334)	(61, 39.113)	(62, 39.0837)	(63, 39.0751)	(64, 39.0656)	(65, 39.0475)	(66, 39.0333)	(67, 39.0696)	(68, 39.0788)	(69, 39.0817)	(70, 39.0531)	(71, 39.0225)	(72, 39.0127)	(73, 39.021)	(74, 39.0192)	(75, 39.0166)	(76, 39.0317)	(77, 38.9923)	(78, 39.0082)	(79, 38.9848)	(80, 39.0084)	(81, 38.9675)	(82, 38.9482)	(83, 38.9566)	(84, 38.9556)	(85, 38.96)	(86, 38.9424)	(87, 38.9518)	(88, 38.9556)	(89, 38.9263)	(90, 38.9259)	(91, 38.9237)	(92, 38.9112)	(93, 38.8631)	(94, 38.8867)	(95, 38.8881)	(96, 38.8918)	(97, 38.854)	(98, 38.9014)	(99, 38.8399)	(100, 38.8146)	(101, 38.8313)	(102, 38.7881)	(103, 38.7948)	(104, 38.7629)	(105, 38.7756)	(106, 38.7531)	(107, 38.764)	(108, 38.7124)	(109, 38.6939)	(110, 38.7249)	(111, 38.7103)	(112, 38.6473)	(113, 38.7387)	(114, 38.6735)	(115, 38.6741)	(116, 38.6833)	(117, 38.6972)	(118, 38.6772)	(119, 38.6438)	(120, 38.6259)	(121, 38.5913)	(122, 38.6099)	(123, 38.5658)	(124, 38.5803)	(125, 38.4408)	(126, 38.3855)	(127, 38.4263)	(128, 38.4186)	(129, 38.5035)	(130, 38.4043)	(131, 38.4572)	(132, 38.3426)	(133, 38.4125)	(134, 38.3845)	(135, 38.3438)	(136, 38.3349)	(137, 38.2747)	(138, 38.2268)	(139, 38.3033)	(140, 38.2626)	(141, 38.1834)	(142, 38.2668)	(143, 38.1585)	(144, 38.2741)	(145, 38.2749)	(146, 38.2423)	(147, 38.023)	(148, 38.0074)	(149, 37.8781)	(150, 37.959)
SRR39146898	(1, 38.0696)	(2, 38.8524)	(3, 39.1436)	(4, 39.1602)	(5, 39.1567)	(6, 39.1561)	(7, 39.161)	(8, 39.1633)	(9, 39.2114)	(10, 39.225)	(11, 39.2467)	(12, 39.2586)	(13, 39.2777)	(14, 39.2569)	(15, 39.2729)	(16, 39.3228)	(17, 39.3243)	(18, 39.3404)	(19, 39.3347)	(20, 39.3317)	(21, 39.3338)	(22, 39.3328)	(23, 39.3207)	(24, 39.3202)	(25, 39.3414)	(26, 39.1919)	(27, 39.1984)	(28, 39.1854)	(29, 39.1873)	(30, 39.1675)	(31, 39.182)	(32, 39.1949)	(33, 39.1873)	(34, 39.2087)	(35, 39.2048)	(36, 39.1512)	(37, 39.1389)	(38, 39.0997)	(39, 39.146)	(40, 39.1403)	(41, 39.1384)	(42, 39.158)	(43, 39.1871)	(44, 39.1717)	(45, 39.1511)	(46, 39.173)	(47, 39.1356)	(48, 39.1623)	(49, 39.1589)	(50, 39.1286)	(51, 39.138)	(52, 39.1213)	(53, 39.1357)	(54, 39.1516)	(55, 39.1656)	(56, 39.1514)	(57, 39.1302)	(58, 39.093)	(59, 39.0556)	(60, 39.1522)	(61, 39.1364)	(62, 39.1081)	(63, 39.0943)	(64, 39.0789)	(65, 39.0673)	(66, 39.0567)	(67, 39.0901)	(68, 39.0951)	(69, 39.0974)	(70, 39.0701)	(71, 39.0395)	(72, 39.0363)	(73, 39.0426)	(74, 39.0413)	(75, 39.0392)	(76, 39.0508)	(77, 39.0101)	(78, 39.0271)	(79, 39.0058)	(80, 39.0277)	(81, 38.9904)	(82, 38.9757)	(83, 38.9774)	(84, 38.9747)	(85, 38.9791)	(86, 38.9645)	(87, 38.9737)	(88, 38.9736)	(89, 38.9402)	(90, 38.9477)	(91, 38.9457)	(92, 38.9345)	(93, 38.8879)	(94, 38.9087)	(95, 38.9069)	(96, 38.9111)	(97, 38.8751)	(98, 38.9216)	(99, 38.8661)	(100, 38.8373)	(101, 38.8534)	(102, 38.8085)	(103, 38.822)	(104, 38.7843)	(105, 38.7962)	(106, 38.7772)	(107, 38.7852)	(108, 38.7395)	(109, 38.7186)	(110, 38.7457)	(111, 38.7301)	(112, 38.6701)	(113, 38.7605)	(114, 38.6963)	(115, 38.6995)	(116, 38.7066)	(117, 38.7234)	(118, 38.7024)	(119, 38.6677)	(120, 38.6499)	(121, 38.615)	(122, 38.6387)	(123, 38.5895)	(124, 38.6017)	(125, 38.4661)	(126, 38.4097)	(127, 38.4494)	(128, 38.4377)	(129, 38.5223)	(130, 38.4322)	(131, 38.4817)	(132, 38.3628)	(133, 38.4365)	(134, 38.4038)	(135, 38.3696)	(136, 38.3557)	(137, 38.3001)	(138, 38.2493)	(139, 38.3305)	(140, 38.2932)	(141, 38.2105)	(142, 38.2808)	(143, 38.1811)	(144, 38.2957)	(145, 38.2944)	(146, 38.2575)	(147, 38.0385)	(148, 38.0244)	(149, 37.9055)	(150, 37.9819)
SRR39146899	(1, 37.9323)	(2, 38.7674)	(3, 39.0655)	(4, 39.0846)	(5, 39.0969)	(6, 39.1009)	(7, 39.1088)	(8, 39.1098)	(9, 39.1634)	(10, 39.1844)	(11, 39.1971)	(12, 39.2154)	(13, 39.2265)	(14, 39.2059)	(15, 39.2302)	(16, 39.2813)	(17, 39.2811)	(18, 39.3003)	(19, 39.2956)	(20, 39.2948)	(21, 39.2969)	(22, 39.2941)	(23, 39.2798)	(24, 39.2787)	(25, 39.305)	(26, 39.1375)	(27, 39.1456)	(28, 39.1326)	(29, 39.1395)	(30, 39.118)	(31, 39.1246)	(32, 39.1431)	(33, 39.1378)	(34, 39.1627)	(35, 39.1585)	(36, 39.1045)	(37, 39.0921)	(38, 39.0536)	(39, 39.1044)	(40, 39.0968)	(41, 39.0914)	(42, 39.1126)	(43, 39.1379)	(44, 39.1285)	(45, 39.1052)	(46, 39.1286)	(47, 39.0878)	(48, 39.1227)	(49, 39.1182)	(50, 39.0873)	(51, 39.0955)	(52, 39.0801)	(53, 39.0887)	(54, 39.1062)	(55, 39.1215)	(56, 39.1068)	(57, 39.0866)	(58, 39.0443)	(59, 39.0083)	(60, 39.1081)	(61, 39.0902)	(62, 39.0627)	(63, 39.0467)	(64, 39.0343)	(65, 39.0214)	(66, 39.006)	(67, 39.0416)	(68, 39.0521)	(69, 39.0544)	(70, 39.025)	(71, 38.9937)	(72, 38.9865)	(73, 38.9915)	(74, 38.9931)	(75, 38.9988)	(76, 38.9994)	(77, 38.9617)	(78, 38.9749)	(79, 38.9546)	(80, 38.9797)	(81, 38.9396)	(82, 38.9187)	(83, 38.9263)	(84, 38.9196)	(85, 38.9255)	(86, 38.9115)	(87, 38.9263)	(88, 38.9293)	(89, 38.8954)	(90, 38.8921)	(91, 38.886)	(92, 38.8874)	(93, 38.8316)	(94, 38.8557)	(95, 38.8526)	(96, 38.8537)	(97, 38.8204)	(98, 38.8696)	(99, 38.8101)	(100, 38.7791)	(101, 38.8002)	(102, 38.7501)	(103, 38.764)	(104, 38.7257)	(105, 38.7382)	(106, 38.7152)	(107, 38.7291)	(108, 38.6796)	(109, 38.6599)	(110, 38.6887)	(111, 38.6692)	(112, 38.6072)	(113, 38.6983)	(114, 38.6333)	(115, 38.6334)	(116, 38.6467)	(117, 38.6618)	(118, 38.644)	(119, 38.6069)	(120, 38.5908)	(121, 38.545)	(122, 38.5696)	(123, 38.5244)	(124, 38.5367)	(125, 38.3955)	(126, 38.3376)	(127, 38.3788)	(128, 38.3708)	(129, 38.4615)	(130, 38.359)	(131, 38.4141)	(132, 38.2939)	(133, 38.3666)	(134, 38.3301)	(135, 38.2927)	(136, 38.2862)	(137, 38.227)	(138, 38.1781)	(139, 38.2541)	(140, 38.2139)	(141, 38.1315)	(142, 38.2104)	(143, 38.1034)	(144, 38.221)	(145, 38.219)	(146, 38.1931)	(147, 37.9586)	(148, 37.943)	(149, 37.8131)	(150, 37.893)
SRR39146900	(1, 38.2196)	(2, 38.8572)	(3, 39.1772)	(4, 39.1495)	(5, 39.1871)	(6, 39.2069)	(7, 39.2008)	(8, 39.2022)	(9, 39.2541)	(10, 39.2763)	(11, 39.2934)	(12, 39.2981)	(13, 39.3112)	(14, 39.2947)	(15, 39.3187)	(16, 39.3685)	(17, 39.363)	(18, 39.3815)	(19, 39.3786)	(20, 39.3711)	(21, 39.3734)	(22, 39.3692)	(23, 39.3593)	(24, 39.3497)	(25, 39.3775)	(26, 39.2375)	(27, 39.246)	(28, 39.2331)	(29, 39.2361)	(30, 39.2176)	(31, 39.2337)	(32, 39.2444)	(33, 39.2324)	(34, 39.2564)	(35, 39.2511)	(36, 39.2023)	(37, 39.1879)	(38, 39.152)	(39, 39.1994)	(40, 39.1927)	(41, 39.1895)	(42, 39.2082)	(43, 39.2341)	(44, 39.2215)	(45, 39.2028)	(46, 39.2211)	(47, 39.1853)	(48, 39.21)	(49, 39.2058)	(50, 39.1751)	(51, 39.1899)	(52, 39.1711)	(53, 39.1823)	(54, 39.1961)	(55, 39.213)	(56, 39.2011)	(57, 39.1784)	(58, 39.136)	(59, 39.1081)	(60, 39.1973)	(61, 39.182)	(62, 39.1555)	(63, 39.1463)	(64, 39.1336)	(65, 39.114)	(66, 39.1016)	(67, 39.1386)	(68, 39.1497)	(69, 39.1439)	(70, 39.1192)	(71, 39.0872)	(72, 39.0885)	(73, 39.0903)	(74, 39.0886)	(75, 39.0865)	(76, 39.0981)	(77, 39.0614)	(78, 39.0773)	(79, 39.0571)	(80, 39.0764)	(81, 39.0448)	(82, 39.0261)	(83, 39.0299)	(84, 39.026)	(85, 39.0306)	(86, 39.0139)	(87, 39.0262)	(88, 39.0282)	(89, 38.9963)	(90, 39.0017)	(91, 38.994)	(92, 38.9887)	(93, 38.9386)	(94, 38.9626)	(95, 38.9589)	(96, 38.9605)	(97, 38.9298)	(98, 38.975)	(99, 38.9171)	(100, 38.8955)	(101, 38.9071)	(102, 38.8652)	(103, 38.8789)	(104, 38.844)	(105, 38.8527)	(106, 38.8284)	(107, 38.8447)	(108, 38.796)	(109, 38.7811)	(110, 38.8076)	(111, 38.7902)	(112, 38.7337)	(113, 38.8136)	(114, 38.7593)	(115, 38.7582)	(116, 38.7661)	(117, 38.7795)	(118, 38.763)	(119, 38.7286)	(120, 38.7095)	(121, 38.6753)	(122, 38.6952)	(123, 38.6519)	(124, 38.6637)	(125, 38.5278)	(126, 38.4736)	(127, 38.5123)	(128, 38.508)	(129, 38.5861)	(130, 38.4889)	(131, 38.548)	(132, 38.4257)	(133, 38.5019)	(134, 38.4664)	(135, 38.4319)	(136, 38.4214)	(137, 38.3699)	(138, 38.3197)	(139, 38.3892)	(140, 38.3573)	(141, 38.2758)	(142, 38.3484)	(143, 38.2435)	(144, 38.361)	(145, 38.3551)	(146, 38.3265)	(147, 38.1076)	(148, 38.0985)	(149, 37.9758)	(150, 38.0503)
