Sample	0	1	2	3	4	5	6	7	8	9	10	11	12	13	14	15	16	17	18	19	20	21	22	23	24	25	26	27	28	29	30	31	32	33	34	35	36	37	38	39	40	41	42	43	44	45	46	47	48	49	50	51	52	53	54	55	56	57	58	59	60	61	62	63	64	65	66	67	68	69	70	71	72	73	74	75	76	77	78	79	80	81	82	83	84	85	86	87	88	89	90	91	92	93	94	95	96	97	98	99	100	101	102	103	104	105	106	107	108	109	110	111	112	113	114	115	116	117	118	119	120	121	122	123	124	125	126	127	128	129	130	131	132	133	134	135	136	137	138	139	140	141	142	143	144	145	146	147	148	149
SRR39139285	(1, 0.00927075)	(2, 0.118662)	(3, 0.00507085)	(4, 0.000541923)	(5, 0.000193544)	(6, 0.0007741749999999999)	(7, 0.00114191)	(8, 0.00042579600000000004)	(9, 0.000135481)	(10, 7.74175e-05)	(11, 5.8063200000000003e-05)	(12, 9.67719e-05)	(13, 0.00269026)	(14, 0.015580300000000002)	(15, 5.8063200000000003e-05)	(16, 1.93544e-05)	(17, 0.0)	(18, 0.00245801)	(19, 0.00257413)	(20, 0.0)	(21, 0.000251607)	(22, 9.67719e-05)	(23, 0.0)	(24, 1.93544e-05)	(25, 0.00030967)	(26, 0.0)	(27, 0.00474182)	(28, 0.000812884)	(29, 0.0)	(30, 0.0)	(31, 0.000154835)	(32, 3.87088e-05)	(33, 0.0)	(34, 0.00023225300000000003)	(35, 0.0)	(36, 0.00317412)	(37, 0.000348534)	(38, 0.0425979)	(39, 0.0)	(40, 0.0)	(41, 1.93933e-05)	(42, 0.000582006)	(43, 0.0)	(44, 0.00192191)	(45, 0.006835560000000001)	(46, 7.77009e-05)	(47, 0.000582938)	(48, 0.00019437099999999999)	(49, 0.000155544)	(50, 0.011319099999999999)	(51, 0.0030154)	(52, 0.0)	(53, 0.0)	(54, 9.735009999999999e-05)	(55, 0.00506354)	(56, 0.000253243)	(57, 7.79427e-05)	(58, 0.00116947)	(59, 0.0)	(60, 0.00243767)	(61, 0.00017555699999999999)	(62, 0.0)	(63, 5.8550499999999994e-05)	(64, 0.0)	(65, 0.000156215)	(66, 0.00130864)	(67, 7.814910000000001e-05)	(68, 0.0)	(69, 0.0)	(70, 0.00117315)	(71, 0.0141013)	(72, 1.95632e-05)	(73, 5.87045e-05)	(74, 0.0)	(75, 0.0)	(76, 0.00029376200000000004)	(77, 0.00123413)	(78, 0.00252769)	(79, 0.000685989)	(80, 0.0)	(81, 0.00031376600000000004)	(82, 0.00143196)	(83, 0.0)	(84, 0.000314028)	(85, 0.0)	(86, 0.000726605)	(87, 1.96438e-05)	(88, 1.96497e-05)	(89, 0.00446186)	(90, 0.0)	(91, 0.000354012)	(92, 0.0)	(93, 0.0)	(94, 0.0)	(95, 0.00015753500000000002)	(96, 3.93962e-05)	(97, 0.0)	(98, 0.000492768)	(99, 1.97174e-05)	(100, 0.00100594)	(101, 0.0)	(102, 0.0)	(103, 3.9491e-05)	(104, 0.000138269)	(105, 0.000197599)	(106, 3.95347e-05)	(107, 0.0)	(108, 0.0)	(109, 0.000277079)	(110, 0.000752373)	(111, 0.000198076)	(112, 0.0)	(113, 0.0)	(114, 0.00172548)	(115, 9.921020000000001e-05)	(116, 0.00101238)	(117, 0.00387255)	(118, 0.00186762)	(119, 0.000735483)	(120, 5.96629e-05)	(121, 0.000497439)	(122, 5.972450000000001e-05)	(123, 0.0)	(124, 3.98625e-05)	(125, 0.0)	(126, 0.0)	(127, 0.0)	(128, 9.992309999999999e-05)	(129, 0.0)	(130, 0.0)	(131, 0.0)	(132, 0.00016032699999999998)	(133, 0.000100279)	(134, 0.000401434)	(135, 0.0)	(136, 0.0)	(137, 0.0)	(138, 4.02857e-05)	(139, 0.0)	(140, 0.0)	(141, 2.02021e-05)	(142, 0.00014156)	(143, 0.00825967)	(144, 0.0)	(145, 2.02889e-05)	(146, 0.000629704)	(147, 0.000223582)	(148, 0.0)	(149, 0.0)	(150, 0.00042699000000000003)
SRR39146138	(1, 0.00898196)	(2, 0.12071799999999999)	(3, 0.0054931)	(4, 0.000668079)	(5, 9.278880000000001e-05)	(6, 0.000760868)	(7, 0.0013361599999999999)	(8, 0.00046394400000000004)	(9, 0.00020413499999999998)	(10, 7.4231e-05)	(11, 0.00020413499999999998)	(12, 0.000315482)	(13, 0.00261664)	(14, 0.014549300000000001)	(15, 9.278880000000001e-05)	(16, 0.0)	(17, 3.71155e-05)	(18, 0.00254241)	(19, 0.00246818)	(20, 5.5673299999999994e-05)	(21, 0.000148462)	(22, 0.000241251)	(23, 1.85578e-05)	(24, 0.0)	(25, 0.000389713)	(26, 3.71155e-05)	(27, 0.0047507899999999995)	(28, 0.00105779)	(29, 0.0)	(30, 0.0)	(31, 0.00016701999999999998)	(32, 3.71155e-05)	(33, 3.71155e-05)	(34, 0.000241251)	(35, 0.0)	(36, 0.0025238599999999997)	(37, 0.00024136800000000002)	(38, 0.0402907)	(39, 0.0)	(40, 0.0)	(41, 5.5795100000000004e-05)	(42, 0.000353499)	(43, 1.86116e-05)	(44, 0.0018245800000000001)	(45, 0.00592266)	(46, 9.31535e-05)	(47, 0.000689566)	(48, 0.00031692900000000003)	(49, 0.000466216)	(50, 0.0104465)	(51, 0.00319087)	(52, 0.0)	(53, 0.0)	(54, 9.338140000000001e-05)	(55, 0.00446487)	(56, 0.000298992)	(57, 0.000149538)	(58, 0.00119664)	(59, 0.0)	(60, 0.00202045)	(61, 0.00041168600000000003)	(62, 1.87184e-05)	(63, 0.0)	(64, 0.0)	(65, 0.000206078)	(66, 0.00131177)	(67, 0.00022493300000000002)	(68, 0.0)	(69, 0.0)	(70, 0.0009379960000000001)	(71, 0.0124602)	(72, 3.75414e-05)	(73, 0.0)	(74, 0.0)	(75, 0.0)	(76, 0.00016912499999999998)	(77, 0.00193608)	(78, 0.00297078)	(79, 0.000827549)	(80, 0.0)	(81, 0.000188193)	(82, 0.00161895)	(83, 0.0)	(84, 0.000395566)	(85, 0.0)	(86, 0.00049004)	(87, 0.0)	(88, 9.429780000000001e-05)	(89, 0.0039995)	(90, 0.0)	(91, 0.000264285)	(92, 0.0)	(93, 0.0)	(94, 0.0)	(95, 0.000113416)	(96, 3.7818600000000004e-05)	(97, 0.0)	(98, 0.000491984)	(99, 9.46475e-05)	(100, 0.00140132)	(101, 0.0)	(102, 1.8951300000000003e-05)	(103, 3.79176e-05)	(104, 0.00011379900000000001)	(105, 0.00020872000000000002)	(106, 7.59297e-05)	(107, 1.89905e-05)	(108, 0.0)	(109, 0.000570216)	(110, 0.00102686)	(111, 0.00015219500000000002)	(112, 0.0)	(113, 0.0)	(114, 0.00198136)	(115, 0.000152485)	(116, 0.000762795)	(117, 0.00408295)	(118, 0.00192799)	(119, 0.0006684869999999999)	(120, 0.000133771)	(121, 0.00045890600000000003)	(122, 7.652869999999999e-05)	(123, 0.0)	(124, 5.74735e-05)	(125, 0.0)	(126, 0.0)	(127, 0.0)	(128, 0.000153725)	(129, 0.0)	(130, 0.0)	(131, 0.0)	(132, 0.000192769)	(133, 0.00034728)	(134, 0.000405524)	(135, 0.0)	(136, 0.0)	(137, 0.0)	(138, 5.81643e-05)	(139, 0.0)	(140, 0.0)	(141, 9.72655e-05)	(142, 5.8427699999999996e-05)	(143, 0.00857983)	(144, 0.0)	(145, 0.0)	(146, 0.000548116)	(147, 0.000274272)	(148, 0.0)	(149, 0.0)	(150, 0.000843014)
SRR39146893	(1, 0.00680672)	(2, 0.11765600000000001)	(3, 0.00539843)	(4, 0.000597455)	(5, 0.000170701)	(6, 0.0007681570000000001)	(7, 0.0011309)	(8, 0.000298728)	(9, 0.000170701)	(10, 6.40131e-05)	(11, 8.535070000000001e-05)	(12, 0.000149364)	(13, 0.00273122)	(14, 0.0130587)	(15, 8.535070000000001e-05)	(16, 0.0)	(17, 0.0)	(18, 0.00256052)	(19, 0.0021977800000000003)	(20, 0.0)	(21, 0.000192039)	(22, 0.000149364)	(23, 0.0)	(24, 0.0)	(25, 0.000298728)	(26, 0.0)	(27, 0.00471563)	(28, 0.000874845)	(29, 0.0)	(30, 0.0)	(31, 0.000298728)	(32, 4.26754e-05)	(33, 0.0)	(34, 0.000192039)	(35, 0.0)	(36, 0.0017283500000000002)	(37, 0.000256186)	(38, 0.041117999999999995)	(39, 0.0)	(40, 0.0)	(41, 2.13883e-05)	(42, 0.000320955)	(43, 2.1404800000000002e-05)	(44, 0.00177725)	(45, 0.00580495)	(46, 6.428280000000001e-05)	(47, 0.000793091)	(48, 0.00021442000000000002)	(49, 0.000364637)	(50, 0.00856106)	(51, 0.0031551000000000005)	(52, 0.0)	(53, 0.0)	(54, 0.000107416)	(55, 0.00363175)	(56, 0.000193464)	(57, 8.60102e-05)	(58, 0.00139808)	(59, 0.0)	(60, 0.00228129)	(61, 0.00025833299999999997)	(62, 0.0)	(63, 0.0)	(64, 0.0)	(65, 0.000258638)	(66, 0.0013582400000000001)	(67, 0.000129393)	(68, 0.0)	(69, 0.0)	(70, 0.0006043460000000001)	(71, 0.012608699999999999)	(72, 2.15965e-05)	(73, 4.32053e-05)	(74, 0.0)	(75, 0.0)	(76, 0.000281087)	(77, 0.00196819)	(78, 0.00220675)	(79, 0.0005843140000000001)	(80, 0.0)	(81, 0.000303155)	(82, 0.0011047)	(83, 0.0)	(84, 0.000368462)	(85, 0.0)	(86, 0.000737367)	(87, 2.16939e-05)	(88, 6.51024e-05)	(89, 0.00451517)	(90, 0.0)	(91, 0.000282383)	(92, 0.0)	(93, 0.0)	(94, 0.0)	(95, 0.00021750700000000003)	(96, 6.52744e-05)	(97, 4.3531699999999995e-05)	(98, 0.000326602)	(99, 4.35634e-05)	(100, 0.0013509899999999998)	(101, 0.0)	(102, 4.36143e-05)	(103, 6.54476e-05)	(104, 0.000109125)	(105, 0.00026200299999999996)	(106, 4.3686499999999996e-05)	(107, 6.55591e-05)	(108, 0.0)	(109, 0.000612425)	(110, 0.00111601)	(111, 0.000109464)	(112, 0.0)	(113, 2.1914099999999997e-05)	(114, 0.00166626)	(115, 4.38707e-05)	(116, 0.0009217130000000001)	(117, 0.00403995)	(118, 0.00173542)	(119, 0.000791242)	(120, 8.79645e-05)	(121, 0.000330055)	(122, 8.80667e-05)	(123, 2.20308e-05)	(124, 4.40921e-05)	(125, 0.0)	(126, 0.0)	(127, 0.0)	(128, 0.000154785)	(129, 0.0)	(130, 0.0)	(131, 0.0)	(132, 8.8726e-05)	(133, 0.000111)	(134, 0.000488823)	(135, 0.0)	(136, 0.0)	(137, 0.0)	(138, 4.46133e-05)	(139, 0.0)	(140, 0.0)	(141, 0.0)	(142, 8.961949999999999e-05)	(143, 0.00881533)	(144, 0.0)	(145, 0.0)	(146, 0.000720463)	(147, 0.000247833)	(148, 0.0)	(149, 0.0)	(150, 0.0005408979999999999)
SRR39146894	(1, 0.00847376)	(2, 0.122952)	(3, 0.00522893)	(4, 0.000640699)	(5, 0.000124006)	(6, 0.0007853729999999999)	(7, 0.00099205)	(8, 0.000434022)	(9, 0.000186009)	(10, 0.00016534200000000002)	(11, 4.13354e-05)	(12, 0.00014467400000000002)	(13, 0.00250079)	(14, 0.014777400000000001)	(15, 8.26708e-05)	(16, 2.06677e-05)	(17, 2.06677e-05)	(18, 0.00293481)	(19, 0.00245946)	(20, 2.06677e-05)	(21, 0.000124006)	(22, 0.000186009)	(23, 2.06677e-05)	(24, 0.0)	(25, 0.000392686)	(26, 0.0)	(27, 0.0047329)	(28, 0.00105405)	(29, 0.0)	(30, 0.0)	(31, 0.00028934800000000004)	(32, 6.20031e-05)	(33, 0.0)	(34, 0.00022734499999999997)	(35, 0.0)	(36, 0.00241812)	(37, 0.000351517)	(38, 0.0424503)	(39, 0.0)	(40, 0.0)	(41, 2.07119e-05)	(42, 0.000165753)	(43, 0.0)	(44, 0.0014306400000000002)	(45, 0.006885969999999999)	(46, 0.000103737)	(47, 0.000788654)	(48, 0.000228366)	(49, 0.000353037)	(50, 0.0102621)	(51, 0.0032623699999999997)	(52, 0.0)	(53, 0.0)	(54, 8.31893e-05)	(55, 0.00405659)	(56, 0.000312134)	(57, 0.000104075)	(58, 0.00116597)	(59, 0.0)	(60, 0.00187489)	(61, 0.000104189)	(62, 0.0)	(63, 2.08491e-05)	(64, 0.0)	(65, 0.000250327)	(66, 0.00150237)	(67, 4.17433e-05)	(68, 0.0)	(69, 0.0)	(70, 0.00093998)	(71, 0.013393500000000001)	(72, 0.0)	(73, 4.18124e-05)	(74, 0.0)	(75, 0.0)	(76, 0.000167387)	(77, 0.00196736)	(78, 0.00280531)	(79, 0.000691046)	(80, 0.0)	(81, 0.00027238699999999997)	(82, 0.00129947)	(83, 0.0)	(84, 0.0005662270000000001)	(85, 0.0)	(86, 0.000524593)	(87, 4.19796e-05)	(88, 0.0)	(89, 0.004137480000000001)	(90, 0.0)	(91, 0.000336245)	(92, 0.0)	(93, 0.0)	(94, 0.0)	(95, 0.000231455)	(96, 4.20967e-05)	(97, 0.0)	(98, 0.000421238)	(99, 6.32073e-05)	(100, 0.00139105)	(101, 0.0)	(102, 2.10919e-05)	(103, 8.43991e-05)	(104, 0.000211079)	(105, 0.000211158)	(106, 4.22493e-05)	(107, 0.0)	(108, 0.0)	(109, 0.000528776)	(110, 0.000994509)	(111, 0.00016935)	(112, 0.0)	(113, 0.0)	(114, 0.0019077699999999998)	(115, 2.12069e-05)	(116, 0.000912309)	(117, 0.00375704)	(118, 0.00174136)	(119, 0.000679897)	(120, 0.00017006)	(121, 0.000723124)	(122, 8.512069999999999e-05)	(123, 0.0)	(124, 2.1307199999999998e-05)	(125, 0.0)	(126, 0.0)	(127, 0.0)	(128, 0.000170934)	(129, 0.0)	(130, 0.0)	(131, 0.0)	(132, 0.00015000700000000002)	(133, 0.000150127)	(134, 0.00032197)	(135, 0.0)	(136, 0.0)	(137, 0.0)	(138, 0.0)	(139, 0.0)	(140, 0.0)	(141, 0.00010805399999999999)	(142, 4.32684e-05)	(143, 0.00779716)	(144, 0.0)	(145, 6.51265e-05)	(146, 0.000608628)	(147, 0.000217516)	(148, 0.0)	(149, 0.0)	(150, 0.000718177)
SRR39146895	(1, 0.00788052)	(2, 0.121747)	(3, 0.00514287)	(4, 0.000527975)	(5, 0.000136882)	(6, 0.000410647)	(7, 0.00123194)	(8, 0.000488866)	(9, 0.000117328)	(10, 5.8663900000000006e-05)	(11, 3.91093e-05)	(12, 0.000195546)	(13, 0.00269854)	(14, 0.0150375)	(15, 0.000136882)	(16, 0.0)	(17, 0.0)	(18, 0.00236611)	(19, 0.00195546)	(20, 1.95546e-05)	(21, 0.000117328)	(22, 0.000136882)	(23, 3.91093e-05)	(24, 0.0)	(25, 0.00039109299999999996)	(26, 0.0)	(27, 0.00412603)	(28, 0.0008212950000000001)	(29, 0.0)	(30, 0.0)	(31, 0.000175992)	(32, 3.91093e-05)	(33, 1.95546e-05)	(34, 0.000234656)	(35, 0.0)	(36, 0.00222923)	(37, 0.00043041300000000004)	(38, 0.041066)	(39, 0.0)	(40, 0.0)	(41, 1.95989e-05)	(42, 0.0004901609999999999)	(43, 0.0)	(44, 0.0015696999999999998)	(45, 0.006163330000000001)	(46, 9.81768e-05)	(47, 0.000726766)	(48, 0.000196491)	(49, 0.00013759000000000002)	(50, 0.0107749)	(51, 0.00361905)	(52, 0.0)	(53, 0.0)	(54, 5.90615e-05)	(55, 0.00437183)	(56, 0.00023638699999999998)	(57, 0.000137935)	(58, 0.00118268)	(59, 0.0)	(60, 0.00222871)	(61, 0.00031566099999999996)	(62, 0.0)	(63, 0.0)	(64, 0.0)	(65, 0.00021728300000000003)	(66, 0.00128435)	(67, 1.9765e-05)	(68, 0.0)	(69, 0.0)	(70, 0.000989143)	(71, 0.0134764)	(72, 1.97955e-05)	(73, 5.94051e-05)	(74, 0.0)	(75, 0.0)	(76, 0.00015856)	(77, 0.00184385)	(78, 0.00230058)	(79, 0.0008332260000000001)	(80, 0.0)	(81, 0.000357325)	(82, 0.00131062)	(83, 0.0)	(84, 0.000377551)	(85, 0.0)	(86, 0.0006760640000000001)	(87, 3.97821e-05)	(88, 1.98977e-05)	(89, 0.00408046)	(90, 0.0)	(91, 0.000179266)	(92, 0.0)	(93, 0.0)	(94, 0.0)	(95, 0.00023936599999999997)	(96, 3.99088e-05)	(97, 1.9961400000000002e-05)	(98, 0.000319502)	(99, 7.990599999999999e-05)	(100, 0.00105918)	(101, 0.0)	(102, 2.00011e-05)	(103, 2.00098e-05)	(104, 0.000220202)	(105, 0.00024032499999999997)	(106, 0.0)	(107, 0.0)	(108, 0.0)	(109, 0.000521676)	(110, 0.00112415)	(111, 2.00838e-05)	(112, 0.0)	(113, 0.0)	(114, 0.0015889800000000003)	(115, 8.04951e-05)	(116, 0.0010670699999999998)	(117, 0.00459271)	(118, 0.00191467)	(119, 0.000806621)	(120, 0.000161418)	(121, 0.000585482)	(122, 4.04026e-05)	(123, 0.0)	(124, 0.0)	(125, 0.0)	(126, 0.0)	(127, 0.0)	(128, 0.000162327)	(129, 0.0)	(130, 0.0)	(131, 0.0)	(132, 0.000203561)	(133, 0.00014261299999999998)	(134, 0.000407836)	(135, 0.0)	(136, 0.0)	(137, 0.0)	(138, 2.04736e-05)	(139, 0.0)	(140, 0.0)	(141, 2.05414e-05)	(142, 4.11307e-05)	(143, 0.0068359)	(144, 0.0)	(145, 4.12812e-05)	(146, 0.0007234240000000001)	(147, 0.000268895)	(148, 0.0)	(149, 0.0)	(150, 0.000620805)
SRR39146896	(1, 0.007764559999999999)	(2, 0.11925)	(3, 0.00428789)	(4, 0.000741689)	(5, 0.00013906700000000002)	(6, 0.000741689)	(7, 0.00122842)	(8, 0.000579445)	(9, 0.000185422)	(10, 0.000162245)	(11, 4.63556e-05)	(12, 0.00013906700000000002)	(13, 0.00231778)	(14, 0.0130259)	(15, 0.000162245)	(16, 0.0)	(17, 6.95334e-05)	(18, 0.00257273)	(19, 0.00243367)	(20, 4.63556e-05)	(21, 0.000162245)	(22, 0.000185422)	(23, 2.31778e-05)	(24, 0.0)	(25, 0.000254956)	(26, 0.0)	(27, 0.0039634)	(28, 0.000672156)	(29, 0.0)	(30, 2.31778e-05)	(31, 0.000347667)	(32, 9.27112e-05)	(33, 0.0)	(34, 9.27112e-05)	(35, 0.0)	(36, 0.00259591)	(37, 0.000510199)	(38, 0.039979600000000004)	(39, 0.0)	(40, 0.0)	(41, 0.0)	(42, 0.000395181)	(43, 6.97651e-05)	(44, 0.0017681099999999998)	(45, 0.0066562800000000005)	(46, 0.000186257)	(47, 0.000815175)	(48, 0.00025628900000000004)	(49, 0.000396219)	(50, 0.009069780000000001)	(51, 0.00366181)	(52, 0.0)	(53, 0.0)	(54, 7.00399e-05)	(55, 0.00397018)	(56, 0.000186893)	(57, 0.00023369099999999998)	(58, 0.00109871)	(59, 0.0)	(60, 0.00196487)	(61, 0.000467971)	(62, 0.0)	(63, 0.0)	(64, 0.0)	(65, 0.000257711)	(66, 0.0012655499999999998)	(67, 2.34433e-05)	(68, 0.0)	(69, 0.0)	(70, 0.00107941)	(71, 0.012159000000000001)	(72, 0.0)	(73, 2.34879e-05)	(74, 0.0)	(75, 0.0)	(76, 0.000188088)	(77, 0.00195204)	(78, 0.00237612)	(79, 0.000682473)	(80, 0.0)	(81, 0.000329683)	(82, 0.0013192)	(83, 0.0)	(84, 0.00037717400000000003)	(85, 0.0)	(86, 0.0006604989999999999)	(87, 2.35975e-05)	(88, 7.08166e-05)	(89, 0.0043922)	(90, 0.0)	(91, 0.000212679)	(92, 0.0)	(93, 0.0)	(94, 0.0)	(95, 0.000141997)	(96, 7.10249e-05)	(97, 0.0)	(98, 0.00037909099999999997)	(99, 0.00014221699999999998)	(100, 0.00101964)	(101, 0.0)	(102, 0.0)	(103, 2.37436e-05)	(104, 0.000118769)	(105, 0.000213877)	(106, 2.37751e-05)	(107, 0.0)	(108, 0.0)	(109, 0.000619065)	(110, 0.00069084)	(111, 0.00011917299999999999)	(112, 0.0)	(113, 4.771840000000001e-05)	(114, 0.0018858599999999998)	(115, 0.000143306)	(116, 0.0009319710000000001)	(117, 0.00380158)	(118, 0.00143537)	(119, 0.0009574639999999999)	(120, 0.00011975500000000001)	(121, 0.0006231160000000001)	(122, 9.59263e-05)	(123, 0.0)	(124, 0.0)	(125, 0.0)	(126, 0.0)	(127, 0.0)	(128, 0.000120475)	(129, 0.0)	(130, 0.0)	(131, 0.0)	(132, 0.000169247)	(133, 0.000193601)	(134, 0.000581358)	(135, 0.0)	(136, 0.0)	(137, 0.0)	(138, 4.86558e-05)	(139, 0.0)	(140, 0.0)	(141, 2.4415399999999997e-05)	(142, 0.000146671)	(143, 0.00837124)	(144, 0.0)	(145, 2.45432e-05)	(146, 0.000909437)	(147, 0.00022138100000000001)	(148, 0.0)	(149, 0.0)	(150, 0.0006644400000000001)
SRR39146897	(1, 0.009166829999999999)	(2, 0.121026)	(3, 0.00517257)	(4, 0.000619111)	(5, 5.99139e-05)	(6, 0.000838795)	(7, 0.00111839)	(8, 0.000439369)	(9, 0.00011982799999999999)	(10, 0.00023965599999999998)	(11, 1.99713e-05)	(12, 9.98565e-05)	(13, 0.0021569)	(14, 0.0152381)	(15, 3.99426e-05)	(16, 0.0)	(17, 1.99713e-05)	(18, 0.00265618)	(19, 0.0024564699999999997)	(20, 0.0)	(21, 0.000139799)	(22, 7.98852e-05)	(23, 0.0)	(24, 0.0)	(25, 0.000319541)	(26, 0.0)	(27, 0.0047332)	(28, 0.0007389380000000001)	(29, 0.0)	(30, 0.0)	(31, 0.000319541)	(32, 1.99713e-05)	(33, 1.99713e-05)	(34, 0.000199713)	(35, 0.0)	(36, 0.0029957)	(37, 0.000299728)	(38, 0.043542500000000005)	(39, 0.0)	(40, 0.0)	(41, 2.00178e-05)	(42, 0.00038048899999999997)	(43, 4.0067299999999995e-05)	(44, 0.00186382)	(45, 0.00633528)	(46, 8.02225e-05)	(47, 0.000642005)	(48, 0.00038132000000000004)	(49, 0.00012045799999999999)	(50, 0.011387099999999999)	(51, 0.00321434)	(52, 0.0)	(53, 0.0)	(54, 0.0)	(55, 0.00472691)	(56, 8.04835e-05)	(57, 8.05082e-05)	(58, 0.00116774)	(59, 0.0)	(60, 0.0016518700000000002)	(61, 0.00022165799999999998)	(62, 0.0)	(63, 0.0)	(64, 0.0)	(65, 0.00022193200000000002)	(66, 0.00100908)	(67, 2.01874e-05)	(68, 0.0)	(69, 0.0)	(70, 0.00121233)	(71, 0.0136427)	(72, 4.04348e-05)	(73, 0.0)	(74, 0.0)	(75, 0.0)	(76, 0.00028339)	(77, 0.00210583)	(78, 0.0028964)	(79, 0.000547037)	(80, 0.0)	(81, 0.000364921)	(82, 0.00152099)	(83, 0.0)	(84, 0.000304388)	(85, 0.0)	(86, 0.000629477)	(87, 4.06247e-05)	(88, 8.12762e-05)	(89, 0.0045122700000000005)	(90, 0.0)	(91, 0.00032542499999999995)	(92, 0.0)	(93, 0.0)	(94, 0.0)	(95, 0.00014256999999999999)	(96, 2.03745e-05)	(97, 6.11458e-05)	(98, 0.000509732)	(99, 8.158839999999999e-05)	(100, 0.00110187)	(101, 0.0)	(102, 2.04212e-05)	(103, 2.0429499999999998e-05)	(104, 0.00014306600000000002)	(105, 0.000327154)	(106, 8.18233e-05)	(107, 0.0)	(108, 0.0)	(109, 0.000655505)	(110, 0.000963219)	(111, 0.000143527)	(112, 0.0)	(113, 6.15717e-05)	(114, 0.00158111)	(115, 0.000123264)	(116, 0.00119212)	(117, 0.0036192700000000004)	(118, 0.0021192200000000002)	(119, 0.000535232)	(120, 0.00010298700000000001)	(121, 0.000721319)	(122, 6.18643e-05)	(123, 0.0)	(124, 0.0)	(125, 0.0)	(126, 0.0)	(127, 0.0)	(128, 0.000144986)	(129, 0.0)	(130, 0.0)	(131, 0.0)	(132, 0.000124674)	(133, 0.000207966)	(134, 0.00027060399999999997)	(135, 0.0)	(136, 0.0)	(137, 0.0)	(138, 2.08998e-05)	(139, 0.0)	(140, 0.0)	(141, 4.19402e-05)	(142, 0.000125967)	(143, 0.0084918)	(144, 0.0)	(145, 0.0)	(146, 0.000506466)	(147, 0.00040124800000000005)	(148, 0.0)	(149, 0.0)	(150, 0.000633883)
SRR39146898	(1, 0.008646309999999999)	(2, 0.12001200000000001)	(3, 0.0052556)	(4, 0.00062163)	(5, 9.41864e-05)	(6, 0.000715816)	(7, 0.00124326)	(8, 0.00043325700000000004)	(9, 0.000150698)	(10, 9.41864e-05)	(11, 7.53491e-05)	(12, 0.000150698)	(13, 0.00271257)	(14, 0.0139961)	(15, 9.41864e-05)	(16, 1.88373e-05)	(17, 7.53491e-05)	(18, 0.0024111700000000002)	(19, 0.00173303)	(20, 3.76745e-05)	(21, 9.41864e-05)	(22, 9.41864e-05)	(23, 1.88373e-05)	(24, 0.0)	(25, 0.000339071)	(26, 0.0)	(27, 0.0048411800000000005)	(28, 0.0008476769999999999)	(29, 0.0)	(30, 0.0)	(31, 0.000169535)	(32, 1.88373e-05)	(33, 0.0)	(34, 0.00020721)	(35, 0.0)	(36, 0.00250536)	(37, 0.000188463)	(38, 0.0408407)	(39, 0.0)	(40, 0.0)	(41, 0.0)	(42, 0.00041546400000000005)	(43, 1.88916e-05)	(44, 0.00170085)	(45, 0.0062952699999999995)	(46, 0.000113464)	(47, 0.000699926)	(48, 0.00032168599999999996)	(49, 0.00032179)	(50, 0.010300499999999999)	(51, 0.0039017)	(52, 0.0)	(53, 0.0)	(54, 5.6869299999999994e-05)	(55, 0.00460771)	(56, 0.000227605)	(57, 5.6917500000000005e-05)	(58, 0.0009488910000000001)	(59, 0.0)	(60, 0.00197479)	(61, 0.000265908)	(62, 3.79978e-05)	(63, 1.90043e-05)	(64, 0.0)	(65, 0.000152121)	(66, 0.00135044)	(67, 7.61021e-05)	(68, 0.0)	(69, 1.9035799999999998e-05)	(70, 0.0009901390000000001)	(71, 0.013522900000000001)	(72, 0.0)	(73, 1.90571e-05)	(74, 0.0)	(75, 0.0)	(76, 0.000247951)	(77, 0.0018315500000000001)	(78, 0.00255731)	(79, 0.000744512)	(80, 0.0)	(81, 0.000286518)	(82, 0.00120373)	(83, 0.0)	(84, 0.00043971699999999995)	(85, 1.91239e-05)	(86, 0.000631284)	(87, 0.0)	(88, 5.74244e-05)	(89, 0.00417409)	(90, 0.0)	(91, 0.00013411899999999998)	(92, 0.0)	(93, 0.0)	(94, 0.0)	(95, 0.000153479)	(96, 3.8383e-05)	(97, 0.0)	(98, 0.00024966)	(99, 9.60573e-05)	(100, 0.0010762500000000002)	(101, 0.0)	(102, 1.9233e-05)	(103, 9.62014e-05)	(104, 0.00013473499999999998)	(105, 0.000250324)	(106, 0.0)	(107, 1.92718e-05)	(108, 0.0)	(109, 0.0005593919999999999)	(110, 0.000868397)	(111, 0.000135145)	(112, 0.0)	(113, 0.0)	(114, 0.00179797)	(115, 7.73681e-05)	(116, 0.000967558)	(117, 0.00367846)	(118, 0.00187885)	(119, 0.000852705)	(120, 0.00023268)	(121, 0.000504413)	(122, 5.8235e-05)	(123, 0.0)	(124, 1.94363e-05)	(125, 0.0)	(126, 0.0)	(127, 0.0)	(128, 9.74601e-05)	(129, 0.0)	(130, 0.0)	(131, 0.0)	(132, 0.000117308)	(133, 0.000176102)	(134, 0.000391662)	(135, 1.96009e-05)	(136, 0.0)	(137, 0.0)	(138, 1.96571e-05)	(139, 0.0)	(140, 0.0)	(141, 1.97184e-05)	(142, 9.86992e-05)	(143, 0.00782581)	(144, 0.0)	(145, 1.98079e-05)	(146, 0.0008131670000000001)	(147, 0.000277851)	(148, 0.0)	(149, 0.0)	(150, 0.000575779)
SRR39146899	(1, 0.00862032)	(2, 0.120364)	(3, 0.00467698)	(4, 0.000733644)	(5, 9.17056e-05)	(6, 0.0009399820000000001)	(7, 0.00126095)	(8, 0.000343896)	(9, 0.000160485)	(10, 0.000160485)	(11, 6.87792e-05)	(12, 0.000343896)	(13, 0.00279702)	(14, 0.014695800000000002)	(15, 2.29264e-05)	(16, 0.0)	(17, 4.58528e-05)	(18, 0.00247605)	(19, 0.00238434)	(20, 2.29264e-05)	(21, 0.000137558)	(22, 0.00022926400000000002)	(23, 0.0)	(24, 0.0)	(25, 0.00022926400000000002)	(26, 4.58528e-05)	(27, 0.0044477200000000005)	(28, 0.0008941289999999999)	(29, 0.0)	(30, 0.0)	(31, 0.000298043)	(32, 9.17056e-05)	(33, 0.0)	(34, 0.000366822)	(35, 0.0)	(36, 0.00256776)	(37, 0.00032113)	(38, 0.0404829)	(39, 0.0)	(40, 0.0)	(41, 4.5958199999999996e-05)	(42, 0.00048275099999999996)	(43, 0.0)	(44, 0.00223149)	(45, 0.00651289)	(46, 0.00011510700000000001)	(47, 0.000575733)	(48, 0.00039162699999999997)	(49, 0.000345662)	(50, 0.010511399999999999)	(51, 0.00396604)	(52, 0.0)	(53, 0.0)	(54, 6.92372e-05)	(55, 0.00440933)	(56, 0.00032329200000000003)	(57, 0.000138594)	(58, 0.0010397800000000001)	(59, 0.0)	(60, 0.0021732599999999998)	(61, 0.000231261)	(62, 4.62656e-05)	(63, 4.62789e-05)	(64, 0.0)	(65, 0.00016206800000000002)	(66, 0.0011348)	(67, 6.94984e-05)	(68, 0.0)	(69, 2.31793e-05)	(70, 0.00111292)	(71, 0.0130345)	(72, 0.0)	(73, 4.6413000000000004e-05)	(74, 0.0)	(75, 0.0)	(76, 0.000232271)	(77, 0.00190522)	(78, 0.00230092)	(79, 0.0007904559999999999)	(80, 0.0)	(81, 0.000348943)	(82, 0.0011169799999999998)	(83, 0.0)	(84, 0.00051227)	(85, 0.0)	(86, 0.000698982)	(87, 2.3306900000000002e-05)	(88, 0.000163199)	(89, 0.00436115)	(90, 0.0)	(91, 0.000396738)	(92, 0.0)	(93, 0.0)	(94, 0.0)	(95, 0.00016359099999999999)	(96, 4.6756e-05)	(97, 0.0)	(98, 0.00046788900000000003)	(99, 0.00014041799999999998)	(100, 0.00110038)	(101, 0.0)	(102, 0.0)	(103, 0.0)	(104, 4.69005e-05)	(105, 0.000187679)	(106, 4.6940699999999996e-05)	(107, 7.04427e-05)	(108, 0.0)	(109, 0.000634558)	(110, 0.000987536)	(111, 0.000117618)	(112, 0.0)	(113, 0.0)	(114, 0.00160193)	(115, 0.000164988)	(116, 0.000990408)	(117, 0.00342095)	(118, 0.00195921)	(119, 0.000684906)	(120, 0.00014178499999999999)	(121, 0.000662044)	(122, 4.7317699999999996e-05)	(123, 0.0)	(124, 2.36909e-05)	(125, 0.0)	(126, 0.0)	(127, 0.0)	(128, 0.000142576)	(129, 0.0)	(130, 0.0)	(131, 0.0)	(132, 0.000119198)	(133, 0.000214736)	(134, 0.00040596699999999997)	(135, 4.7805899999999996e-05)	(136, 0.0)	(137, 0.0)	(138, 2.39767e-05)	(139, 0.0)	(140, 0.0)	(141, 2.40569e-05)	(142, 7.22547e-05)	(143, 0.00899449)	(144, 0.0)	(145, 2.4173700000000002e-05)	(146, 0.000605153)	(147, 0.000193785)	(148, 0.0)	(149, 0.0)	(150, 0.00046041599999999995)
SRR39146900	(1, 0.00912156)	(2, 0.119282)	(3, 0.004677720000000001)	(4, 0.00074064)	(5, 0.000175415)	(6, 0.000565225)	(7, 0.00124739)	(8, 0.000428791)	(9, 0.000253377)	(10, 0.00015592400000000002)	(11, 9.74526e-05)	(12, 0.000175415)	(13, 0.00298205)	(14, 0.013799299999999999)	(15, 7.796209999999999e-05)	(16, 0.0)	(17, 5.84716e-05)	(18, 0.00276765)	(19, 0.00239733)	(20, 0.0)	(21, 0.000175415)	(22, 0.000136434)	(23, 0.0)	(24, 0.0)	(25, 0.000506753)	(26, 0.0)	(27, 0.00420995)	(28, 0.0009745260000000001)	(29, 0.0)	(30, 0.0)	(31, 0.000253377)	(32, 7.796209999999999e-05)	(33, 0.0)	(34, 0.00031184800000000004)	(35, 0.0)	(36, 0.00286511)	(37, 0.000292482)	(38, 0.0430132)	(39, 0.0)	(40, 0.0)	(41, 1.95288e-05)	(42, 0.000332103)	(43, 5.86248e-05)	(44, 0.00185703)	(45, 0.00741094)	(46, 9.779720000000001e-05)	(47, 0.000469568)	(48, 0.000293565)	(49, 0.000332805)	(50, 0.0110642)	(51, 0.00344752)	(52, 0.0)	(53, 0.0)	(54, 1.96033e-05)	(55, 0.00462756)	(56, 0.000117681)	(57, 0.00013733000000000001)	(58, 0.00125592)	(59, 0.0)	(60, 0.00214008)	(61, 0.00019638799999999998)	(62, 0.0)	(63, 0.0)	(64, 0.0)	(65, 0.000176938)	(66, 0.00106192)	(67, 0.000118021)	(68, 0.0)	(69, 0.0)	(70, 0.00137797)	(71, 0.012976)	(72, 1.96956e-05)	(73, 0.0)	(74, 0.0)	(75, 0.0)	(76, 0.000138016)	(77, 0.0018144200000000002)	(78, 0.00276183)	(79, 0.000848496)	(80, 0.0)	(81, 0.000355375)	(82, 0.00154041)	(83, 0.0)	(84, 0.000355677)	(85, 0.0)	(86, 0.000711739)	(87, 0.0)	(88, 5.93441e-05)	(89, 0.003977189999999999)	(90, 0.0)	(91, 0.000197989)	(92, 0.0)	(93, 0.0)	(94, 0.0)	(95, 0.00015858)	(96, 3.96571e-05)	(97, 0.0)	(98, 0.00045635200000000004)	(99, 7.93916e-05)	(100, 0.0010523000000000002)	(101, 0.0)	(102, 0.0)	(103, 1.98754e-05)	(104, 9.94141e-05)	(105, 0.000159123)	(106, 1.98979e-05)	(107, 1.99055e-05)	(108, 0.0)	(109, 0.000597653)	(110, 0.0009566420000000001)	(111, 9.969050000000001e-05)	(112, 0.0)	(113, 3.99106e-05)	(114, 0.0016969300000000001)	(115, 5.9917199999999996e-05)	(116, 0.00101904)	(117, 0.00341825)	(118, 0.0017599199999999999)	(119, 0.000440191)	(120, 0.000160147)	(121, 0.000580821)	(122, 4.0078400000000006e-05)	(123, 0.0)	(124, 2.00635e-05)	(125, 0.0)	(126, 0.0)	(127, 0.0)	(128, 0.00010059)	(129, 0.0)	(130, 0.0)	(131, 0.0)	(132, 0.000181586)	(133, 0.000282682)	(134, 0.00018187099999999998)	(135, 0.0)	(136, 0.0)	(137, 0.0)	(138, 6.08432e-05)	(139, 0.0)	(140, 0.0)	(141, 6.1027000000000004e-05)	(142, 0.000142545)	(143, 0.00839888)	(144, 0.0)	(145, 0.0)	(146, 0.00040912)	(147, 0.000368459)	(148, 0.0)	(149, 0.0)	(150, 0.00040962800000000004)
