Sample	0	1	2	3	4	5	6	7	8	9	10	11	12	13	14	15	16	17	18	19	20	21	22	23	24	25	26	27	28	29	30	31	32	33	34	35	36	37	38	39	40	41	42	43	44	45	46	47	48	49	50	51	52	53	54	55	56	57	58	59	60	61	62	63	64	65	66	67	68	69	70	71	72	73	74	75	76	77	78	79	80	81	82	83	84	85	86	87	88	89	90	91	92	93	94	95	96	97	98	99	100
SRR39139285_1	(0.0, 0.0)	(1.0, 0.0)	(2.0, 0.0)	(3.0, 0.0)	(4.0, 0.0)	(5.0, 0.0)	(6.0, 0.0)	(7.0, 9.588205739883484e-06)	(8.0, 3.8352822959533935e-05)	(9.0, 9.588205739883483e-05)	(10.0, 0.00011505846887860182)	(11.0, 6.711744017918439e-05)	(12.0, 0.00011505846887860182)	(13.0, 0.00019176411479766966)	(14.0, 0.0003451754066358054)	(15.0, 0.0005657041386531255)	(16.0, 0.0007670564591906787)	(17.0, 0.001112231865826484)	(18.0, 0.00148617188968194)	(19.0, 0.0021094052627743665)	(20.0, 0.002866873516225162)	(21.0, 0.0033942248319187534)	(22.0, 0.004209222319808849)	(23.0, 0.0063473921998028655)	(24.0, 0.009645734974322785)	(25.0, 0.01280025466274445)	(26.0, 0.01661636054721808)	(27.0, 0.02328975174217698)	(28.0, 0.03224513590322816)	(29.0, 0.04460433310193797)	(30.0, 0.061134399797497095)	(31.0, 0.07642758795261126)	(32.0, 0.09354253519830327)	(33.0, 0.11661175820846294)	(34.0, 0.13748528210418928)	(35.0, 0.15595216635920486)	(36.0, 0.17382458185834768)	(37.0, 0.19948262041827586)	(38.0, 0.22812259096330784)	(39.0, 0.25748167693883106)	(40.0, 0.29756996513728395)	(41.0, 0.34265370852621607)	(42.0, 0.39692295301395664)	(43.0, 0.47474083079885093)	(44.0, 0.5820903822625865)	(45.0, 0.7128639203488574)	(46.0, 0.8722966053916398)	(47.0, 1.0810318443489033)	(48.0, 1.3457430284156067)	(49.0, 1.6601402946263861)	(50.0, 2.0057184059032664)	(51.0, 2.3744616222477055)	(52.0, 2.798087728247238)	(53.0, 3.2269585827864864)	(54.0, 3.6460494674710535)	(55.0, 4.106254578368241)	(56.0, 4.555183959315325)	(57.0, 4.978695006845979)	(58.0, 5.379971005265842)	(59.0, 5.72087007214166)	(60.0, 5.980298154845688)	(61.0, 6.13729543563054)	(62.0, 6.141495069744608)	(63.0, 5.924581091291224)	(64.0, 5.509057019141894)	(65.0, 4.948818157760502)	(66.0, 4.271516892500872)	(67.0, 3.5359960419886702)	(68.0, 2.800465603270729)	(69.0, 2.1359070634394044)	(70.0, 1.5647951767489847)	(71.0, 1.087465530400365)	(72.0, 0.7156924410421229)	(73.0, 0.44367504420162845)	(74.0, 0.2649892420331599)	(75.0, 0.14856924793949458)	(76.0, 0.07867122809574399)	(77.0, 0.042264810901406394)	(78.0, 0.022867870689622108)	(79.0, 0.012445491050368764)	(80.0, 0.00591592294150811)	(81.0, 0.0026079919612483076)	(82.0, 0.00126564315766462)	(83.0, 0.0005369395214334751)	(84.0, 0.00022052873201732013)	(85.0, 0.00014382308609825226)	(86.0, 0.00011505846887860182)	(87.0, 7.670564591906787e-05)	(88.0, 4.7941028699417416e-05)	(89.0, 9.588205739883484e-06)	(90.0, 9.588205739883484e-06)	(91.0, 4.7941028699417416e-05)	(92.0, 7.670564591906787e-05)	(93.0, 4.7941028699417416e-05)	(94.0, 9.588205739883484e-06)	(95.0, 0.0)	(96.0, 0.0)	(97.0, 1.9176411479766968e-05)	(98.0, 0.00023011693775720364)	(99.0, 0.000278057966456621)	(100.0, 6.711744017918439e-05)
SRR39139285_2	(0.0, 0.0)	(1.0, 0.0)	(2.0, 0.0)	(3.0, 0.0)	(4.0, 0.0)	(5.0, 0.0)	(6.0, 0.0)	(7.0, 0.0)	(8.0, 5.738271141153724e-05)	(9.0, 0.00010520163758781826)	(10.0, 8.607406711730584e-05)	(11.0, 0.00010520163758781826)	(12.0, 0.0003156049127634548)	(13.0, 0.0003347324832339672)	(14.0, 0.0004112427651160168)	(15.0, 0.0006885925369384467)	(16.0, 0.0006694649664679344)	(17.0, 0.001061580161113439)	(18.0, 0.0016162797047582986)	(19.0, 0.0022761808859909772)	(20.0, 0.0030125923491057045)	(21.0, 0.0037203124565146637)	(22.0, 0.005030551033744764)	(23.0, 0.006292970684798583)	(24.0, 0.008913447839258784)	(25.0, 0.013303225262241382)	(26.0, 0.01754954590669514)	(27.0, 0.02311566891361425)	(28.0, 0.03153179992063971)	(29.0, 0.04540885229699646)	(30.0, 0.06189681804257816)	(31.0, 0.07714149170757656)	(32.0, 0.09492056845991784)	(33.0, 0.11658254201777314)	(34.0, 0.13888528918639062)	(35.0, 0.15621486803267487)	(36.0, 0.1736783398722527)	(37.0, 0.20055257638332263)	(38.0, 0.2295882283575605)	(39.0, 0.2568450162780407)	(40.0, 0.2969937866956462)	(41.0, 0.34351203807993236)	(42.0, 0.3963806428604287)	(43.0, 0.47828489961516285)	(44.0, 0.5858870472970303)	(45.0, 0.7144530122145796)	(46.0, 0.8798969329992767)	(47.0, 1.0973582816785323)	(48.0, 1.365259033688529)	(49.0, 1.6736337248141302)	(50.0, 2.0192019767196427)	(51.0, 2.3894256669616456)	(52.0, 2.799157354010492)	(53.0, 3.233334076120653)	(54.0, 3.6699782548215105)	(55.0, 4.118194613657028)	(56.0, 4.570800749915528)	(57.0, 4.999899102065768)	(58.0, 5.38613256879159)	(59.0, 5.743808572804937)	(60.0, 6.013765538640514)	(61.0, 6.160875683129224)	(62.0, 6.144559865517878)	(63.0, 5.9101514894017475)	(64.0, 5.475267047184178)	(65.0, 4.917421018196919)	(66.0, 4.24723876783634)	(67.0, 3.4912693639155132)	(68.0, 2.7629775544655177)	(69.0, 2.1007141182797313)	(70.0, 1.5295457364597602)	(71.0, 1.0538430588581167)	(72.0, 0.6873492448578635)	(73.0, 0.432340475344992)	(74.0, 0.25739015203645027)	(75.0, 0.14501567552218986)	(76.0, 0.07934116231168548)	(77.0, 0.042558844296890115)	(78.0, 0.022895701853203356)	(79.0, 0.012997184134713182)	(80.0, 0.006857234013678699)	(81.0, 0.003500345396103771)	(82.0, 0.0019414484027570097)	(83.0, 0.0010328888054076703)	(84.0, 0.0006407736107621659)	(85.0, 0.0003538600537044796)	(86.0, 0.00015302056376409928)	(87.0, 8.607406711730584e-05)	(88.0, 7.651028188204964e-05)	(89.0, 9.563785235256206e-05)	(90.0, 9.563785235256206e-05)	(91.0, 6.694649664679344e-05)	(92.0, 5.738271141153724e-05)	(93.0, 8.607406711730584e-05)	(94.0, 0.00010520163758781826)	(95.0, 0.00013389299329358688)	(96.0, 0.00042080655035127304)	(97.0, 0.0012815472215243317)	(98.0, 0.0031464853423992913)	(99.0, 0.013704904242122144)	(100.0, 0.04514106631040929)
SRR39146138_1	(0.0, 0.0)	(1.0, 0.0)	(2.0, 0.0)	(3.0, 0.0)	(4.0, 0.0)	(5.0, 0.0)	(6.0, 0.0)	(7.0, 0.0)	(8.0, 0.0)	(9.0, 0.0)	(10.0, 0.0)	(11.0, 0.0)	(12.0, 0.0)	(13.0, 0.0)	(14.0, 0.0)	(15.0, 0.0)	(16.0, 0.0)	(17.0, 9.190367245237047e-06)	(18.0, 2.7571101735711138e-05)	(19.0, 5.5142203471422275e-05)	(20.0, 0.00011028440694284455)	(21.0, 0.00022975918113092618)	(22.0, 0.0003216628535832966)	(23.0, 0.0003768050570547189)	(24.0, 0.0005054701984880375)	(25.0, 0.0005698027692046968)	(26.0, 0.0007719908485999119)	(27.0, 0.0015623624316902977)	(28.0, 0.0030787730271544106)	(29.0, 0.005385555205708909)	(30.0, 0.008712468148484719)	(31.0, 0.01434616326981503)	(32.0, 0.021670885964268954)	(33.0, 0.03130239083727738)	(34.0, 0.04506956097064248)	(35.0, 0.061796029356973904)	(36.0, 0.07729098853244357)	(37.0, 0.09559820008495576)	(38.0, 0.12214917105644559)	(39.0, 0.15267957104512306)	(40.0, 0.18612331745054064)	(41.0, 0.2238957268284649)	(42.0, 0.2685149598040908)	(43.0, 0.3286751037914125)	(44.0, 0.39687681911831657)	(45.0, 0.47956255322371427)	(46.0, 0.5986697127219864)	(47.0, 0.7376923980406872)	(48.0, 0.9000953776312711)	(49.0, 1.1035884891753098)	(50.0, 1.3643835404934013)	(51.0, 1.6714153294222804)	(52.0, 2.039857152283834)	(53.0, 2.4868306632559376)	(54.0, 2.9930912333270654)	(55.0, 3.577212594699842)	(56.0, 4.229140485607977)	(57.0, 4.91647886151201)	(58.0, 5.588404991545781)	(59.0, 6.193673387949848)	(60.0, 6.684071384155696)	(61.0, 6.974882174896732)	(62.0, 7.01743357524218)	(63.0, 6.842733884277469)	(64.0, 6.417036073478089)	(65.0, 5.740101193295664)	(66.0, 4.942533552652257)	(67.0, 4.082618460617163)	(68.0, 3.2102596113320168)	(69.0, 2.4153939386587098)	(70.0, 1.7377605905656468)	(71.0, 1.1882501522384334)	(72.0, 0.7710074793046715)	(73.0, 0.47132798417198185)	(74.0, 0.26909395294054067)	(75.0, 0.14699992408756657)	(76.0, 0.0780721697482887)	(77.0, 0.04075008836538106)	(78.0, 0.01969495700654299)	(79.0, 0.008831942922672802)	(80.0, 0.0044757088484304415)	(81.0, 0.0025549220941758987)	(82.0, 0.0017461697765950388)	(83.0, 0.0012406995781070011)	(84.0, 0.0008822752555427564)	(85.0, 0.0004870894639975635)	(86.0, 0.00021137844664045208)	(87.0, 7.352293796189638e-05)	(88.0, 4.595183622618523e-05)	(89.0, 5.5142203471422275e-05)	(90.0, 9.190367245237046e-05)	(91.0, 7.352293796189638e-05)	(92.0, 5.5142203471422275e-05)	(93.0, 6.433257071665932e-05)	(94.0, 7.352293796189638e-05)	(95.0, 6.433257071665932e-05)	(96.0, 4.595183622618523e-05)	(97.0, 9.190367245237046e-05)	(98.0, 0.00043194726052614115)	(99.0, 0.00045951836226185237)	(100.0, 0.0001194747741880816)
SRR39146138_2	(0.0, 0.0)	(1.0, 0.0)	(2.0, 0.0)	(3.0, 0.0)	(4.0, 0.0)	(5.0, 0.0)	(6.0, 0.0)	(7.0, 0.0)	(8.0, 0.0)	(9.0, 0.0)	(10.0, 0.0)	(11.0, 0.0)	(12.0, 0.0)	(13.0, 0.0)	(14.0, 9.162682884859711e-06)	(15.0, 2.7488048654579133e-05)	(16.0, 3.6650731539438844e-05)	(17.0, 4.581341442429856e-05)	(18.0, 6.413878019401798e-05)	(19.0, 8.246414596373741e-05)	(20.0, 0.00018325365769719423)	(21.0, 0.0002748804865457913)	(22.0, 0.00029320585231551075)	(23.0, 0.00028404316943065103)	(24.0, 0.0005772490217461618)	(25.0, 0.0007055265821341978)	(26.0, 0.0008796175569465323)	(27.0, 0.001777560479662784)	(28.0, 0.003078661449312863)	(29.0, 0.005405982902067229)	(30.0, 0.00858543386311355)	(31.0, 0.013890627253447321)	(32.0, 0.021413189901917144)	(33.0, 0.031180609857177598)	(34.0, 0.04425575833387241)	(35.0, 0.05911762997311486)	(36.0, 0.07606859331010532)	(37.0, 0.09691369687316116)	(38.0, 0.12562038235142664)	(39.0, 0.153355823443897)	(40.0, 0.18351021281797028)	(41.0, 0.22072903069627045)	(42.0, 0.26641416756018094)	(43.0, 0.32963667946571296)	(44.0, 0.39618524525844906)	(45.0, 0.48029867414146116)	(46.0, 0.5959134067826211)	(47.0, 0.7324007310354913)	(48.0, 0.9018187375765473)	(49.0, 1.1094542944303531)	(50.0, 1.3683550620249494)	(51.0, 1.6710809418578294)	(52.0, 2.0381746689568487)	(53.0, 2.4868712498284284)	(54.0, 2.992752134584418)	(55.0, 3.5893710679491737)	(56.0, 4.258265243909702)	(57.0, 4.928717075960657)	(58.0, 5.588567683913829)	(59.0, 6.2097059566784685)	(60.0, 6.684232140602468)	(61.0, 6.963968849077236)	(62.0, 7.022353464419561)	(63.0, 6.825465734589696)	(64.0, 6.39476466290398)	(65.0, 5.726356109136349)	(66.0, 4.916613171869757)	(67.0, 4.069092493068888)	(68.0, 3.2062059950701096)	(69.0, 2.4095015555486734)	(70.0, 1.7289890976901428)	(71.0, 1.1826458053146127)	(72.0, 0.7712046930528722)	(73.0, 0.47124594345121984)	(74.0, 0.27012505412854915)	(75.0, 0.1481422568824118)	(76.0, 0.0792572069540365)	(77.0, 0.04085640298358945)	(78.0, 0.02100086917209846)	(79.0, 0.010610386780667544)	(80.0, 0.005231891927254895)	(81.0, 0.002895407791615669)	(82.0, 0.0019791395031296976)	(83.0, 0.0015393307246564314)	(84.0, 0.0011361726777226041)	(85.0, 0.0006505504848250396)	(86.0, 0.00026571780366093164)	(87.0, 0.00013744024327289566)	(88.0, 9.162682884859712e-05)	(89.0, 6.413878019401798e-05)	(90.0, 4.581341442429856e-05)	(91.0, 5.4976097309158266e-05)	(92.0, 5.4976097309158266e-05)	(93.0, 5.4976097309158266e-05)	(94.0, 9.162682884859712e-05)	(95.0, 0.00014660292615775538)	(96.0, 0.00046729682712784524)	(97.0, 0.001209474140801482)	(98.0, 0.002428110964487823)	(99.0, 0.010381319708546053)	(100.0, 0.0360918078834624)
SRR39146893_1	(0.0, 0.0)	(1.0, 0.0)	(2.0, 0.0)	(3.0, 0.0)	(4.0, 0.0)	(5.0, 0.0)	(6.0, 0.0)	(7.0, 1.0571721891403679e-05)	(8.0, 2.1143443782807358e-05)	(9.0, 2.1143443782807358e-05)	(10.0, 1.0571721891403679e-05)	(11.0, 0.0)	(12.0, 0.0)	(13.0, 0.0)	(14.0, 0.0)	(15.0, 0.0)	(16.0, 0.0)	(17.0, 0.0)	(18.0, 2.1143443782807358e-05)	(19.0, 7.400205323982574e-05)	(20.0, 0.00011628894080544045)	(21.0, 0.00013743238458824783)	(22.0, 0.00031715165674211035)	(23.0, 0.00048629920700456923)	(24.0, 0.0006025881478100096)	(25.0, 0.0008140225856380832)	(26.0, 0.0013531804020996709)	(27.0, 0.0025160698101540755)	(28.0, 0.003435809614706196)	(29.0, 0.004366121141149719)	(30.0, 0.006089311809448519)	(31.0, 0.009070537382824356)	(32.0, 0.01483212581363936)	(33.0, 0.02021313225636383)	(34.0, 0.026291872343920948)	(35.0, 0.036197575756166195)	(36.0, 0.04851363175965148)	(37.0, 0.06362062234246733)	(38.0, 0.08368575049235152)	(39.0, 0.1091847436944172)	(40.0, 0.14039246671784084)	(41.0, 0.17338681074091172)	(42.0, 0.2153248314841101)	(43.0, 0.2691877545208119)	(44.0, 0.3295417147988355)	(45.0, 0.40906220686597394)	(46.0, 0.5024105111670684)	(47.0, 0.6101892158499289)	(48.0, 0.759726222003834)	(49.0, 0.9503660828715165)	(50.0, 1.1840962821685603)	(51.0, 1.472915724241709)	(52.0, 1.8138326117956947)	(53.0, 2.220590183289343)	(54.0, 2.7308660555436153)	(55.0, 3.345854833132242)	(56.0, 4.027487745524277)	(57.0, 4.76212727147981)	(58.0, 5.51264552371623)	(59.0, 6.234694128899102)	(60.0, 6.852928425108389)	(61.0, 7.256461621425158)	(62.0, 7.411210486471526)	(63.0, 7.286717889478355)	(64.0, 6.856765960154969)	(65.0, 6.159106317375565)	(66.0, 5.282911435294137)	(67.0, 4.323030802720358)	(68.0, 3.358001741585465)	(69.0, 2.4726094614585152)	(70.0, 1.7419343312122582)	(71.0, 1.1704059023191926)	(72.0, 0.7400205323982575)	(73.0, 0.4449214875216152)	(74.0, 0.254630493476349)	(75.0, 0.14072019009647435)	(76.0, 0.07372718847064925)	(77.0, 0.03701159834180428)	(78.0, 0.01862737397265328)	(79.0, 0.009694268974417173)	(80.0, 0.005032139620308151)	(81.0, 0.0024526394788056535)	(82.0, 0.0011100307985973863)	(83.0, 0.00047572748511316547)	(84.0, 0.000327723378633514)	(85.0, 0.0002537213253936883)	(86.0, 0.0002325778816108809)	(87.0, 0.00021143443782807356)	(88.0, 0.00011628894080544045)	(89.0, 5.285860945701839e-05)	(90.0, 0.00011628894080544045)	(91.0, 0.00016914755026245886)	(92.0, 0.00015857582837105517)	(93.0, 0.00016914755026245886)	(94.0, 0.00012686066269684414)	(95.0, 7.400205323982574e-05)	(96.0, 6.343033134842207e-05)	(97.0, 0.00010571721891403678)	(98.0, 0.00024314960350228462)	(99.0, 0.0002537213253936883)	(100.0, 0.00011628894080544045)
SRR39146893_2	(0.0, 0.0)	(1.0, 0.0)	(2.0, 0.0)	(3.0, 0.0)	(4.0, 0.0)	(5.0, 0.0)	(6.0, 0.0)	(7.0, 0.0)	(8.0, 0.0)	(9.0, 0.0)	(10.0, 0.0)	(11.0, 0.0)	(12.0, 0.0)	(13.0, 0.0)	(14.0, 0.0)	(15.0, 3.158019063066272e-05)	(16.0, 7.368711147154635e-05)	(17.0, 7.368711147154635e-05)	(18.0, 5.263365105110454e-05)	(19.0, 4.2106920840883633e-05)	(20.0, 7.368711147154635e-05)	(21.0, 0.00018948114378397634)	(22.0, 0.0005789701615621499)	(23.0, 0.0007473978449256844)	(24.0, 0.0007368711147154635)	(25.0, 0.001136886862703858)	(26.0, 0.0015263758804820314)	(27.0, 0.002210613344146391)	(28.0, 0.0029159042682311916)	(29.0, 0.003989630749673724)	(30.0, 0.005958129298985033)	(31.0, 0.008979300869318434)	(32.0, 0.013705802733707622)	(33.0, 0.018927060917977193)	(34.0, 0.027116857021529057)	(35.0, 0.03739094570670467)	(36.0, 0.04753871362935762)	(37.0, 0.0624340368768202)	(38.0, 0.08406646745882417)	(39.0, 0.11156228676792118)	(40.0, 0.1403634206230856)	(41.0, 0.17422791170936625)	(42.0, 0.22004024158424765)	(43.0, 0.274379222929408)	(44.0, 0.33116040568333954)	(45.0, 0.4070160235781914)	(46.0, 0.5012092054992481)	(47.0, 0.6128030724577999)	(48.0, 0.7590509352683991)	(49.0, 0.947416245650092)	(50.0, 1.182867620262103)	(51.0, 1.4712368676408945)	(52.0, 1.818071574607253)	(53.0, 2.2364143598916417)	(54.0, 2.751803070984058)	(55.0, 3.357658501503112)	(56.0, 4.036453645648787)	(57.0, 4.785030484358016)	(58.0, 5.532312535251388)	(59.0, 6.248488098373557)	(60.0, 6.865175534278928)	(61.0, 7.260506887323774)	(62.0, 7.409154844622304)	(63.0, 7.285634192335571)	(64.0, 6.844195760969958)	(65.0, 6.131525599007793)	(66.0, 5.250038264664314)	(67.0, 4.281579085323991)	(68.0, 3.325878302998455)	(69.0, 2.4619706081060455)	(70.0, 1.7353314751549165)	(71.0, 1.1522874690014113)	(72.0, 0.726649659681339)	(73.0, 0.44062787313942675)	(74.0, 0.25308364771413105)	(75.0, 0.13998445833551765)	(76.0, 0.07589772481569274)	(77.0, 0.04022263613325409)	(78.0, 0.020211322003624143)	(79.0, 0.010179348113283618)	(80.0, 0.0054738997093148715)	(81.0, 0.0030316983005436214)	(82.0, 0.0018421777867886587)	(83.0, 0.0009368789887096608)	(84.0, 0.00048422958967016174)	(85.0, 0.0003894890177781736)	(86.0, 0.0002947484458861854)	(87.0, 0.0002210613344146391)	(88.0, 0.00011579403231242998)	(89.0, 5.263365105110454e-05)	(90.0, 4.2106920840883633e-05)	(91.0, 3.158019063066272e-05)	(92.0, 7.368711147154635e-05)	(93.0, 0.00010526730210220907)	(94.0, 9.474057189198817e-05)	(95.0, 0.0001263207625226509)	(96.0, 0.00048422958967016174)	(97.0, 0.0013790016575389388)	(98.0, 0.0028632706171800868)	(99.0, 0.01217942685322559)	(100.0, 0.039580505590430616)
SRR39146894_1	(0.0, 0.0)	(1.0, 0.0)	(2.0, 0.0)	(3.0, 0.0)	(4.0, 0.0)	(5.0, 0.0)	(6.0, 0.0)	(7.0, 0.0)	(8.0, 0.0)	(9.0, 0.0)	(10.0, 0.0)	(11.0, 0.0)	(12.0, 0.0)	(13.0, 0.0)	(14.0, 0.0)	(15.0, 0.0)	(16.0, 0.0)	(17.0, 2.0476722675963646e-05)	(18.0, 7.166852936587276e-05)	(19.0, 0.00011262197471780005)	(20.0, 0.00020476722675963644)	(21.0, 0.00033786592415340015)	(22.0, 0.0006757318483068003)	(23.0, 0.0011978882765438731)	(24.0, 0.0018736201248506735)	(25.0, 0.0030715084013945466)	(26.0, 0.005027035416949075)	(27.0, 0.007883538230246004)	(28.0, 0.011190528942414131)	(29.0, 0.01563397776309824)	(30.0, 0.0230363130104591)	(31.0, 0.03167748997971576)	(32.0, 0.04152679358685427)	(33.0, 0.055788830930662954)	(34.0, 0.07347048096135755)	(35.0, 0.09241144943662394)	(36.0, 0.11177219072674754)	(37.0, 0.1315117513863765)	(38.0, 0.1575888577142162)	(39.0, 0.18810941286274002)	(40.0, 0.22331913750405952)	(41.0, 0.2699036815918768)	(42.0, 0.32516011773296466)	(43.0, 0.3892522597087309)	(44.0, 0.4695517276825223)	(45.0, 0.5684645365687647)	(46.0, 0.6829191779660636)	(47.0, 0.8142568772096943)	(48.0, 0.9722450310160918)	(49.0, 1.171616641350612)	(50.0, 1.423889864718484)	(51.0, 1.7125911777268954)	(52.0, 2.0632038617460826)	(53.0, 2.5152479915406567)	(54.0, 3.0382849188527956)	(55.0, 3.618718099825661)	(56.0, 4.250486424547168)	(57.0, 4.917771624750133)	(58.0, 5.562604098538904)	(59.0, 6.125806117379946)	(60.0, 6.576621643813961)	(61.0, 6.877219932697108)	(62.0, 6.967675855118177)	(63.0, 6.76336935461875)	(64.0, 6.2823711389603645)	(65.0, 5.610458199432631)	(66.0, 4.814190123093771)	(67.0, 3.965040910444234)	(68.0, 3.1251369380828953)	(69.0, 2.349202247361267)	(70.0, 1.6812003618646432)	(71.0, 1.1480888869959298)	(72.0, 0.7453322286824007)	(73.0, 0.4531805879030894)	(74.0, 0.2600543779847383)	(75.0, 0.1442482728908259)	(76.0, 0.07904014952921967)	(77.0, 0.04226395560318896)	(78.0, 0.020947687297510807)	(79.0, 0.009409054069605294)	(80.0, 0.004801791467513475)	(81.0, 0.0028053110066070196)	(82.0, 0.002406014914425728)	(83.0, 0.001894096847526637)	(84.0, 0.0009419292430943276)	(85.0, 0.0004300111761952365)	(86.0, 0.0002661973947875274)	(87.0, 0.00012286033605578186)	(88.0, 7.166852936587276e-05)	(89.0, 8.190689070385458e-05)	(90.0, 6.143016802789093e-05)	(91.0, 5.119180668990911e-05)	(92.0, 0.00011262197471780005)	(93.0, 0.00016381378140770917)	(94.0, 0.0001330986973937637)	(95.0, 0.00010238361337981822)	(96.0, 0.0001330986973937637)	(97.0, 0.00016381378140770917)	(98.0, 0.0003173892014774365)	(99.0, 0.00030715084013945465)	(100.0, 9.21452520418364e-05)
SRR39146894_2	(0.0, 0.0)	(1.0, 0.0)	(2.0, 0.0)	(3.0, 0.0)	(4.0, 0.0)	(5.0, 0.0)	(6.0, 0.0)	(7.0, 0.0)	(8.0, 0.0)	(9.0, 0.0)	(10.0, 0.0)	(11.0, 0.0)	(12.0, 0.0)	(13.0, 1.020736152871979e-05)	(14.0, 3.062208458615937e-05)	(15.0, 3.062208458615937e-05)	(16.0, 3.062208458615937e-05)	(17.0, 7.145153070103853e-05)	(18.0, 0.0001020736152871979)	(19.0, 0.0001224883383446375)	(20.0, 0.00018373250751695623)	(21.0, 0.00046953863032111033)	(22.0, 0.0007451373915965447)	(23.0, 0.0011023950451017374)	(24.0, 0.0016127631215377268)	(25.0, 0.002766194974283063)	(26.0, 0.005103680764359895)	(27.0, 0.008502732153423585)	(28.0, 0.011503696442867204)	(29.0, 0.015535604246711519)	(30.0, 0.022537854255413294)	(31.0, 0.032469617022857646)	(32.0, 0.04454492571133316)	(33.0, 0.05817175335217408)	(34.0, 0.07489141153621709)	(35.0, 0.09084551760560614)	(36.0, 0.1098107953259675)	(37.0, 0.13342042254189637)	(38.0, 0.15728523379604326)	(39.0, 0.18724383988283583)	(40.0, 0.22711379401401532)	(41.0, 0.27913050836437137)	(42.0, 0.33414818700417104)	(43.0, 0.39673972789828077)	(44.0, 0.4808688016179893)	(45.0, 0.5837487984659561)	(46.0, 0.6938556072762564)	(47.0, 0.8187937123877868)	(48.0, 0.9783756025277918)	(49.0, 1.1764494529925995)	(50.0, 1.4245802043942486)	(51.0, 1.7227066125635675)	(52.0, 2.081372881959724)	(53.0, 2.5382339692621643)	(54.0, 3.064423456067669)	(55.0, 3.634382109108325)	(56.0, 4.274812386143262)	(57.0, 4.949641471529985)	(58.0, 5.592868565623791)	(59.0, 6.135083610029386)	(60.0, 6.5826253762561056)	(61.0, 6.8880806700030455)	(62.0, 6.948732812206698)	(63.0, 6.727865923448259)	(64.0, 6.25281531790164)	(65.0, 5.582620374648957)	(66.0, 4.775218077727221)	(67.0, 3.9222399115797515)	(68.0, 3.0903501543506176)	(69.0, 2.312375680716181)	(70.0, 1.6392920541508693)	(71.0, 1.1167261806880597)	(72.0, 0.7294180548423161)	(73.0, 0.4502671317548873)	(74.0, 0.25790940374616295)	(75.0, 0.14140257925735525)	(76.0, 0.07765760651050016)	(77.0, 0.04314651718189855)	(78.0, 0.022364329109425058)	(79.0, 0.010329849867064428)	(80.0, 0.0052261691027045325)	(81.0, 0.0029090980356851403)	(82.0, 0.0022966563439619525)	(83.0, 0.0019189839673993203)	(84.0, 0.0014086158909633309)	(85.0, 0.0007859668377114238)	(86.0, 0.0003266355689190333)	(87.0, 0.00017352514598823642)	(88.0, 0.0001224883383446375)	(89.0, 6.124416917231874e-05)	(90.0, 6.124416917231874e-05)	(91.0, 0.00011228097681591769)	(92.0, 9.186625375847812e-05)	(93.0, 0.00013269569987335727)	(94.0, 0.00022456195363183538)	(95.0, 0.0003164282073903135)	(96.0, 0.0006430637763093467)	(97.0, 0.0014188232524920508)	(98.0, 0.0027355728896969037)	(99.0, 0.01400450001740355)	(100.0, 0.04711718081657055)
SRR39146895_1	(0.0, 0.0)	(1.0, 0.0)	(2.0, 0.0)	(3.0, 0.0)	(4.0, 0.0)	(5.0, 0.0)	(6.0, 0.0)	(7.0, 0.0)	(8.0, 0.0)	(9.0, 0.0)	(10.0, 0.0)	(11.0, 0.0)	(12.0, 1.936881299585372e-05)	(13.0, 4.842203248963429e-05)	(14.0, 4.842203248963429e-05)	(15.0, 3.873762599170744e-05)	(16.0, 3.873762599170744e-05)	(17.0, 3.873762599170744e-05)	(18.0, 4.842203248963429e-05)	(19.0, 0.00012589728447304918)	(20.0, 0.00015495050396682975)	(21.0, 0.00012589728447304918)	(22.0, 0.00017431931696268346)	(23.0, 0.0004745359183984161)	(24.0, 0.0009781250562906126)	(25.0, 0.00151076741367659)	(26.0, 0.0018303528281081764)	(27.0, 0.002624474160938179)	(28.0, 0.004173979200606476)	(29.0, 0.0066435028575778255)	(30.0, 0.009819988188897835)	(31.0, 0.014197339925960777)	(32.0, 0.020743998718559333)	(33.0, 0.028907953396311675)	(34.0, 0.03878604802419707)	(35.0, 0.0481702379206882)	(36.0, 0.059578468775246037)	(37.0, 0.07480235578998706)	(38.0, 0.09553667010204846)	(39.0, 0.12439620146587049)	(40.0, 0.1573909744043073)	(41.0, 0.19530542584369098)	(42.0, 0.24319481597593928)	(43.0, 0.29718538220188156)	(44.0, 0.3636978860296432)	(45.0, 0.4507607004460057)	(46.0, 0.5494448026598804)	(47.0, 0.6634108983274836)	(48.0, 0.81590156304384)	(49.0, 1.0130179729026432)	(50.0, 1.252164706962449)	(51.0, 1.5419705714129104)	(52.0, 1.9062882594584207)	(53.0, 2.333419008049485)	(54.0, 2.8296479970032573)	(55.0, 3.405947658881889)	(56.0, 4.056207133185188)	(57.0, 4.74475875078129)	(58.0, 5.381644059710951)	(59.0, 6.001058699318353)	(60.0, 6.547472282744382)	(61.0, 6.924612124993149)	(62.0, 7.08142203500758)	(63.0, 6.9408625590966695)	(64.0, 6.542310494080987)	(65.0, 5.953401734942055)	(66.0, 5.2145686788087176)	(67.0, 4.377671322477372)	(68.0, 3.5076920335491084)	(69.0, 2.683849257176968)	(70.0, 1.9605887266922968)	(71.0, 1.3598359384063998)	(72.0, 0.8962433993506411)	(73.0, 0.5564659973708773)	(74.0, 0.32506678850941295)	(75.0, 0.18087566016177994)	(76.0, 0.09898431881531042)	(77.0, 0.0527509621942076)	(78.0, 0.026748330747273986)	(79.0, 0.013945545357014677)	(80.0, 0.006914666239519778)	(81.0, 0.0034089110872702545)	(82.0, 0.001927196893087445)	(83.0, 0.0012880260642242722)	(84.0, 0.0007166460808465876)	(85.0, 0.0003776918534191475)	(86.0, 0.0002614789754440252)	(87.0, 0.00027116338194195207)	(88.0, 0.0002130569429543909)	(89.0, 0.00017431931696268346)	(90.0, 0.00017431931696268346)	(91.0, 0.00015495050396682975)	(92.0, 0.00013558169097097604)	(93.0, 0.00018400372346061031)	(94.0, 0.00023242575595024462)	(95.0, 0.00023242575595024462)	(96.0, 0.00022274134945231776)	(97.0, 0.0002130569429543909)	(98.0, 0.0005229579508880504)	(99.0, 0.00048422032489634295)	(100.0, 6.779084548548802e-05)
SRR39146895_2	(0.0, 0.0)	(1.0, 0.0)	(2.0, 0.0)	(3.0, 0.0)	(4.0, 9.647115276178098e-06)	(5.0, 1.9294230552356197e-05)	(6.0, 9.647115276178098e-06)	(7.0, 0.0)	(8.0, 0.0)	(9.0, 0.0)	(10.0, 9.647115276178098e-06)	(11.0, 2.8941345828534293e-05)	(12.0, 2.8941345828534293e-05)	(13.0, 1.9294230552356197e-05)	(14.0, 1.9294230552356197e-05)	(15.0, 2.8941345828534293e-05)	(16.0, 5.7882691657068586e-05)	(17.0, 5.7882691657068586e-05)	(18.0, 6.752980693324669e-05)	(19.0, 0.00021223653607591815)	(20.0, 0.0004148259568756582)	(21.0, 0.0004051788415994801)	(22.0, 0.00029906057356152106)	(23.0, 0.0004630615332565487)	(24.0, 0.0008103576831989602)	(25.0, 0.001360243253941112)	(26.0, 0.0021416595913115377)	(27.0, 0.0030388413119961013)	(28.0, 0.004592026871460775)	(29.0, 0.007119571073819437)	(30.0, 0.010447825844100882)	(31.0, 0.015329266173846997)	(32.0, 0.021898951676924284)	(33.0, 0.02952981986038116)	(34.0, 0.038607755335264754)	(35.0, 0.04829345907254756)	(36.0, 0.06057423681912228)	(37.0, 0.07564303088051247)	(38.0, 0.09530385181336343)	(39.0, 0.12453461110018309)	(40.0, 0.15801974822379727)	(41.0, 0.19454372665940753)	(42.0, 0.23918092904228358)	(43.0, 0.29758456492426577)	(44.0, 0.3680181535556421)	(45.0, 0.45213135164863894)	(46.0, 0.5489112120992576)	(47.0, 0.6698378020861501)	(48.0, 0.8241434109286189)	(49.0, 1.02158127217088)	(50.0, 1.2696086059214187)	(51.0, 1.5586072382498861)	(52.0, 1.9248985581710922)	(53.0, 2.362877591709578)	(54.0, 2.855536474633441)	(55.0, 3.424996042270958)	(56.0, 4.076851621482312)	(57.0, 4.764160349333621)	(58.0, 5.4134208545356834)	(59.0, 6.0265239716826295)	(60.0, 6.5583790839736045)	(61.0, 6.9427587450376445)	(62.0, 7.090697257797836)	(63.0, 6.9222586250757665)	(64.0, 6.507857141272259)	(65.0, 5.9332267198467115)	(66.0, 5.200306430969633)	(67.0, 4.338934802190242)	(68.0, 3.454506567900787)	(69.0, 2.6324662281023747)	(70.0, 1.9162161544225318)	(71.0, 1.3311861427292635)	(72.0, 0.8756590065034098)	(73.0, 0.5404699862326018)	(74.0, 0.3157886714504139)	(75.0, 0.1760598537902503)	(76.0, 0.09770598351713179)	(77.0, 0.05358007824389316)	(78.0, 0.028844874675772517)	(79.0, 0.015512561364094382)	(80.0, 0.008180753754199027)	(81.0, 0.004292966297899254)	(82.0, 0.0025854268940157304)	(83.0, 0.0014277730608743585)	(84.0, 0.0008585932595798507)	(85.0, 0.0005112971096374392)	(86.0, 0.00021223653607591815)	(87.0, 0.00013505961386649337)	(88.0, 0.00010611826803795907)	(89.0, 8.682403748560289e-05)	(90.0, 0.00012541249859031529)	(91.0, 0.00013505961386649337)	(92.0, 9.647115276178097e-05)	(93.0, 6.752980693324669e-05)	(94.0, 0.00014470672914267149)	(95.0, 0.00030870768883769914)	(96.0, 0.0005402384554659735)	(97.0, 0.001283066331731687)	(98.0, 0.002759074968986936)	(99.0, 0.011219595066195128)	(100.0, 0.03969787936147288)
SRR39146896_1	(0.0, 0.0)	(1.0, 0.0)	(2.0, 0.0)	(3.0, 0.0)	(4.0, 0.0)	(5.0, 0.0)	(6.0, 0.0)	(7.0, 0.0)	(8.0, 0.0)	(9.0, 0.0)	(10.0, 0.0)	(11.0, 0.0)	(12.0, 1.1474595704094962e-05)	(13.0, 2.2949191408189923e-05)	(14.0, 2.2949191408189923e-05)	(15.0, 3.442378711228489e-05)	(16.0, 5.737297852047481e-05)	(17.0, 5.737297852047481e-05)	(18.0, 5.737297852047481e-05)	(19.0, 6.884757422456978e-05)	(20.0, 0.00016064433985732947)	(21.0, 0.00032128867971465894)	(22.0, 0.0004245600410515136)	(23.0, 0.0004934076152760834)	(24.0, 0.0006770011465416027)	(25.0, 0.000608153572317033)	(26.0, 0.000906493060623502)	(27.0, 0.002065427226737093)	(28.0, 0.0035227008811571535)	(29.0, 0.005691399469231101)	(30.0, 0.00869774354370398)	(31.0, 0.013746565653505766)	(32.0, 0.022834445451148974)	(33.0, 0.03494014391896916)	(34.0, 0.04926043935767967)	(35.0, 0.06571500959735184)	(36.0, 0.08237612255969773)	(37.0, 0.10443029550296826)	(38.0, 0.134126549185166)	(39.0, 0.1603230511776148)	(40.0, 0.19283058080731583)	(41.0, 0.2361471795902743)	(42.0, 0.2839962436763503)	(43.0, 0.34745075791999547)	(44.0, 0.42237986786773557)	(45.0, 0.515358516858017)	(46.0, 0.6346598883934924)	(47.0, 0.7782070806517203)	(48.0, 0.9574058417625714)	(49.0, 1.174378971931303)	(50.0, 1.4409567793288371)	(51.0, 1.7625552731275067)	(52.0, 2.1447396322437977)	(53.0, 2.5895408601173346)	(54.0, 3.105128868889434)	(55.0, 3.6996161977228894)	(56.0, 4.327184785971252)	(57.0, 4.990244298732378)	(58.0, 5.631031621231858)	(59.0, 6.209936449099152)	(60.0, 6.6623338593288)	(61.0, 6.908567208542975)	(62.0, 6.959457040490635)	(63.0, 6.772707995406489)	(64.0, 6.300551331374391)	(65.0, 5.589998466994014)	(66.0, 4.783288490613321)	(67.0, 3.944220154347082)	(68.0, 3.1091679265772747)	(69.0, 2.3341852073184053)	(70.0, 1.6568398229056795)	(71.0, 1.1223990533917527)	(72.0, 0.7289122175069284)	(73.0, 0.44602900961387526)	(74.0, 0.25699651998461487)	(75.0, 0.13995564380284625)	(76.0, 0.0737816503773306)	(77.0, 0.03730391063401272)	(78.0, 0.018118386616765944)	(79.0, 0.008284658098356563)	(80.0, 0.004096430666361901)	(81.0, 0.0023408175236353723)	(82.0, 0.00152612122864463)	(83.0, 0.0009638660391439769)	(84.0, 0.0006655265508375078)	(85.0, 0.0004016108496433237)	(86.0, 0.00019506812696961436)	(87.0, 0.00012622055274504458)	(88.0, 8.032216992866473e-05)	(89.0, 5.737297852047481e-05)	(90.0, 5.737297852047481e-05)	(91.0, 2.2949191408189923e-05)	(92.0, 1.1474595704094962e-05)	(93.0, 2.2949191408189923e-05)	(94.0, 3.442378711228489e-05)	(95.0, 4.5898382816379846e-05)	(96.0, 4.5898382816379846e-05)	(97.0, 0.00010327136133685466)	(98.0, 0.000286864892602374)	(99.0, 0.00030981408401056397)	(100.0, 0.00010327136133685466)
SRR39146896_2	(0.0, 0.0)	(1.0, 0.0)	(2.0, 0.0)	(3.0, 0.0)	(4.0, 0.0)	(5.0, 0.0)	(6.0, 0.0)	(7.0, 0.0)	(8.0, 0.0)	(9.0, 1.1424496473886285e-05)	(10.0, 2.284899294777257e-05)	(11.0, 1.1424496473886285e-05)	(12.0, 0.0)	(13.0, 0.0)	(14.0, 1.1424496473886285e-05)	(15.0, 2.284899294777257e-05)	(16.0, 1.1424496473886285e-05)	(17.0, 1.1424496473886285e-05)	(18.0, 5.7122482369431426e-05)	(19.0, 0.000159942950634408)	(20.0, 0.000319885901268816)	(21.0, 0.00039985737658601995)	(22.0, 0.00043413086600767884)	(23.0, 0.00043413086600767884)	(24.0, 0.0006740452919592909)	(25.0, 0.0009368087108586754)	(26.0, 0.0012566946121274913)	(27.0, 0.002147805337090622)	(28.0, 0.0036558388716436113)	(29.0, 0.006192077088846367)	(30.0, 0.009653699520433911)	(31.0, 0.01501178836668658)	(32.0, 0.022803294961877024)	(33.0, 0.03372511359091231)	(34.0, 0.049045363362393825)	(35.0, 0.06475404601398747)	(36.0, 0.081879366228343)	(37.0, 0.10390579542999577)	(38.0, 0.1329697144595625)	(39.0, 0.16201078449618142)	(40.0, 0.1949247588374478)	(41.0, 0.23852063738179788)	(42.0, 0.28809152758199047)	(43.0, 0.3551990198695985)	(44.0, 0.4309891294773601)	(45.0, 0.5171983798693061)	(46.0, 0.6373269602922204)	(47.0, 0.7862224228363803)	(48.0, 0.9672549939615823)	(49.0, 1.1918034721558173)	(50.0, 1.4625868875798702)	(51.0, 1.785808741819061)	(52.0, 2.1695347293839533)	(53.0, 2.6193400045538042)	(54.0, 3.127193146307471)	(55.0, 3.7135325788367375)	(56.0, 4.359142299072525)	(57.0, 5.019158309361884)	(58.0, 5.674250361670998)	(59.0, 6.246583361523279)	(60.0, 6.675276167209388)	(61.0, 6.932635799276624)	(62.0, 6.9434090994514985)	(63.0, 6.7092868932121466)	(64.0, 6.247691537681245)	(65.0, 5.546250303177575)	(66.0, 4.731500912645901)	(67.0, 3.8815869219676045)	(68.0, 3.0504319544994294)	(69.0, 2.2942445328928964)	(70.0, 1.6293731116021357)	(71.0, 1.1067138224183122)	(72.0, 0.721045670452859)	(73.0, 0.4401058776635214)	(74.0, 0.25121325296428554)	(75.0, 0.13868196269650562)	(76.0, 0.07445344352031692)	(77.0, 0.03860337358526176)	(78.0, 0.019798652389244935)	(79.0, 0.0105790837348187)	(80.0, 0.005380937839200441)	(81.0, 0.0029817935796843205)	(82.0, 0.0018050704428740332)	(83.0, 0.0011310251509147424)	(84.0, 0.0006854697884331771)	(85.0, 0.0004912533483771102)	(86.0, 0.00037700838363824744)	(87.0, 0.00028561241184715716)	(88.0, 0.00018279194358218056)	(89.0, 6.854697884331771e-05)	(90.0, 6.854697884331771e-05)	(91.0, 5.7122482369431426e-05)	(92.0, 5.7122482369431426e-05)	(93.0, 5.7122482369431426e-05)	(94.0, 4.569798589554514e-05)	(95.0, 0.00010282046826497658)	(96.0, 0.0004112818730599063)	(97.0, 0.0011767231368102875)	(98.0, 0.0027875771396282537)	(99.0, 0.013560877314503022)	(100.0, 0.04821137511980013)
SRR39146897_1	(0.0, 0.0)	(1.0, 0.0)	(2.0, 0.0)	(3.0, 0.0)	(4.0, 0.0)	(5.0, 0.0)	(6.0, 0.0)	(7.0, 0.0)	(8.0, 0.0)	(9.0, 0.0)	(10.0, 0.0)	(11.0, 0.0)	(12.0, 9.88824503229402e-06)	(13.0, 1.977649006458804e-05)	(14.0, 9.88824503229402e-06)	(15.0, 9.88824503229402e-06)	(16.0, 2.966473509688206e-05)	(17.0, 4.94412251614701e-05)	(18.0, 6.921771522605813e-05)	(19.0, 7.910596025835216e-05)	(20.0, 0.00015821192051670432)	(21.0, 0.0002669826158719385)	(22.0, 0.0003065355960011146)	(23.0, 0.00042519453638864286)	(24.0, 0.0007020653972928753)	(25.0, 0.0008009478476158155)	(26.0, 0.001028377483358578)	(27.0, 0.002234743377298448)	(28.0, 0.004509039734726073)	(29.0, 0.00801936672119045)	(30.0, 0.011401146522235004)	(31.0, 0.016592475164189366)	(32.0, 0.024295418044346404)	(33.0, 0.032997073672765144)	(34.0, 0.042994089400414395)	(35.0, 0.055700484266912216)	(36.0, 0.07199631208013275)	(37.0, 0.0906158774759424)	(38.0, 0.1140806829375761)	(39.0, 0.14080860925986682)	(40.0, 0.1668245819398324)	(41.0, 0.2010181332615051)	(42.0, 0.24030413077480925)	(43.0, 0.2896761382210533)	(44.0, 0.35220939980528065)	(45.0, 0.43154278969937565)	(46.0, 0.5371986878694373)	(47.0, 0.657657288852843)	(48.0, 0.8048438161585394)	(49.0, 0.9891607035605)	(50.0, 1.2232846811901255)	(51.0, 1.5308189899395017)	(52.0, 1.912732677821794)	(53.0, 2.3638047514599503)	(54.0, 2.8841934227744876)	(55.0, 3.479970074215234)	(56.0, 4.150482081610059)	(57.0, 4.852626584863193)	(58.0, 5.569287031823735)	(59.0, 6.227418956438128)	(60.0, 6.753997669142881)	(61.0, 7.113207946431026)	(62.0, 7.217469602051533)	(63.0, 7.059406005210314)	(64.0, 6.635872693987096)	(65.0, 5.937515388581332)	(66.0, 5.084238948254615)	(67.0, 4.185140380448249)	(68.0, 3.2904420816812543)	(69.0, 2.47014293853724)	(70.0, 1.770074966740888)	(71.0, 1.20265780205276)	(72.0, 0.7687616100356985)	(73.0, 0.4669624834050528)	(74.0, 0.2663102152097425)	(75.0, 0.1420347516438713)	(76.0, 0.07362787251046127)	(77.0, 0.036724942049939986)	(78.0, 0.018787665561358635)	(79.0, 0.009809139072035667)	(80.0, 0.00489468129098554)	(81.0, 0.0023336258276213887)	(82.0, 0.001087706953552342)	(83.0, 0.000533965231743877)	(84.0, 0.0004647475165178189)	(85.0, 0.0002669826158719385)	(86.0, 0.00016810016554899833)	(87.0, 0.0002175413907104684)	(88.0, 0.00022742963574276244)	(89.0, 0.00016810016554899833)	(90.0, 9.88824503229402e-05)	(91.0, 6.921771522605813e-05)	(92.0, 5.932947019376412e-05)	(93.0, 5.932947019376412e-05)	(94.0, 4.94412251614701e-05)	(95.0, 4.94412251614701e-05)	(96.0, 6.921771522605813e-05)	(97.0, 0.00012854718541982225)	(98.0, 0.00028675910593652657)	(99.0, 0.0002570943708396445)	(100.0, 5.932947019376412e-05)
SRR39146897_2	(0.0, 0.0)	(1.0, 0.0)	(2.0, 0.0)	(3.0, 0.0)	(4.0, 0.0)	(5.0, 0.0)	(6.0, 0.0)	(7.0, 0.0)	(8.0, 0.0)	(9.0, 0.0)	(10.0, 0.0)	(11.0, 0.0)	(12.0, 9.852308962497677e-06)	(13.0, 2.9556926887493034e-05)	(14.0, 3.940923584999071e-05)	(15.0, 3.940923584999071e-05)	(16.0, 3.940923584999071e-05)	(17.0, 4.92615448124884e-05)	(18.0, 4.92615448124884e-05)	(19.0, 2.9556926887493034e-05)	(20.0, 0.0001477846344374652)	(21.0, 0.00034483081368741873)	(22.0, 0.0003645354316124141)	(23.0, 0.0003645354316124141)	(24.0, 0.0005615816108623676)	(25.0, 0.0007881847169998144)	(26.0, 0.0010837539858747445)	(27.0, 0.0025221910943994054)	(28.0, 0.004817779082661365)	(29.0, 0.008108450276135588)	(30.0, 0.012384352365859582)	(31.0, 0.01787208845797079)	(32.0, 0.024010076941606843)	(33.0, 0.03307420118710471)	(34.0, 0.045084165812389373)	(35.0, 0.05636505957444922)	(36.0, 0.07103514761960826)	(37.0, 0.09027670702336622)	(38.0, 0.11389269160647317)	(39.0, 0.13937076258349215)	(40.0, 0.16413946731521134)	(41.0, 0.20039596429720277)	(42.0, 0.24419932994446747)	(43.0, 0.2944658102711306)	(44.0, 0.35626934439287855)	(45.0, 0.43551146537824736)	(46.0, 0.5381626724585107)	(47.0, 0.6617303314661566)	(48.0, 0.8104410829460964)	(49.0, 0.9958713899292654)	(50.0, 1.2345731314726591)	(51.0, 1.5359454103265007)	(52.0, 1.9158405916114487)	(53.0, 2.3772045157072896)	(54.0, 2.9117021292317515)	(55.0, 3.508870280066661)	(56.0, 4.174285375084792)	(57.0, 4.887986636328123)	(58.0, 5.594554825882607)	(59.0, 6.259989625518663)	(60.0, 6.788743342917988)	(61.0, 7.087583578368467)	(62.0, 7.182244562880145)	(63.0, 7.042863947987691)	(64.0, 6.611096360015193)	(65.0, 5.914508559439719)	(66.0, 5.055397070218884)	(67.0, 4.149368885718635)	(68.0, 3.2479909910486846)	(69.0, 2.427185279074041)	(70.0, 1.7394547042558526)	(71.0, 1.1791440412496472)	(72.0, 0.7523223123763227)	(73.0, 0.45765945592594215)	(74.0, 0.2641896648293752)	(75.0, 0.1429372984279163)	(76.0, 0.07504503736734482)	(77.0, 0.0381776972296785)	(78.0, 0.019330230184420445)	(79.0, 0.010256253629960084)	(80.0, 0.005231576059086267)	(81.0, 0.002945840379786806)	(82.0, 0.0015960740519246242)	(83.0, 0.0007881847169998144)	(84.0, 0.0005418769929373722)	(85.0, 0.00043350159434989784)	(86.0, 0.0002857169599124327)	(87.0, 0.00021675079717494892)	(88.0, 0.0001871938702874559)	(89.0, 0.0001280800165124698)	(90.0, 0.0001477846344374652)	(91.0, 0.0001477846344374652)	(92.0, 0.00011822770754997214)	(93.0, 0.00010837539858747446)	(94.0, 0.0001379323254749675)	(95.0, 0.0001871938702874559)	(96.0, 0.00047291083019988854)	(97.0, 0.0015763694339996288)	(98.0, 0.0038424004953740948)	(99.0, 0.0169755283423835)	(100.0, 0.05353744690221239)
SRR39146898_1	(0.0, 0.0)	(1.0, 0.0)	(2.0, 0.0)	(3.0, 0.0)	(4.0, 0.0)	(5.0, 0.0)	(6.0, 0.0)	(7.0, 0.0)	(8.0, 0.0)	(9.0, 0.0)	(10.0, 0.0)	(11.0, 0.0)	(12.0, 0.0)	(13.0, 0.0)	(14.0, 0.0)	(15.0, 0.0)	(16.0, 0.0)	(17.0, 0.0)	(18.0, 9.328832482621552e-06)	(19.0, 7.463065986097242e-05)	(20.0, 0.0001306036547567017)	(21.0, 0.00017724781716980947)	(22.0, 0.00027986497447864654)	(23.0, 0.0003265091368917543)	(24.0, 0.0004384551266832129)	(25.0, 0.0007369777661271025)	(26.0, 0.0009608697457100198)	(27.0, 0.0016978475118371223)	(28.0, 0.0033210643638132724)	(29.0, 0.005765218474260118)	(30.0, 0.009030309843177662)	(31.0, 0.014450361515580785)	(32.0, 0.022100004151330455)	(33.0, 0.03153145379126084)	(34.0, 0.04448920210962218)	(35.0, 0.06065606880200533)	(36.0, 0.07852078300622559)	(37.0, 0.10127380543133956)	(38.0, 0.12945620836133925)	(39.0, 0.1573494174843777)	(40.0, 0.1904107998027885)	(41.0, 0.2318401448581108)	(42.0, 0.2820106059496495)	(43.0, 0.344830963887623)	(44.0, 0.41444271187294507)	(45.0, 0.5006504528448508)	(46.0, 0.6166171694363193)	(47.0, 0.7561578457113725)	(48.0, 0.9372398130315395)	(49.0, 1.1575122056111993)	(50.0, 1.4161820726893297)	(51.0, 1.7290991006539045)	(52.0, 2.1077937264534437)	(53.0, 2.5547380906958423)	(54.0, 3.054670223439531)	(55.0, 3.6328339453824845)	(56.0, 4.297308025454653)	(57.0, 4.986149015971428)	(58.0, 5.6325718051897224)	(59.0, 6.212284113324791)	(60.0, 6.669033080506424)	(61.0, 6.945604977118706)	(62.0, 6.984832717708129)	(63.0, 6.766276830305272)	(64.0, 6.313128792461931)	(65.0, 5.655072949137805)	(66.0, 4.860900111059751)	(67.0, 4.003002018292907)	(68.0, 3.14839700339243)	(69.0, 2.3593083790174036)	(70.0, 1.6859159350918493)	(71.0, 1.1450115700844865)	(72.0, 0.740886546937321)	(73.0, 0.4530267630210678)	(74.0, 0.25688806007394965)	(75.0, 0.1394847032801574)	(76.0, 0.07502247082524251)	(77.0, 0.03959156505624586)	(78.0, 0.019861084355501282)	(79.0, 0.009543395629721847)	(80.0, 0.004431195429245237)	(81.0, 0.0020430143136941194)	(82.0, 0.001455297867288962)	(83.0, 0.0010355004055709921)	(84.0, 0.0006623471062661301)	(85.0, 0.0003358379693743758)	(86.0, 0.0001306036547567017)	(87.0, 9.32883248262155e-05)	(88.0, 6.530182737835085e-05)	(89.0, 4.664416241310775e-05)	(90.0, 4.664416241310775e-05)	(91.0, 7.463065986097242e-05)	(92.0, 6.530182737835085e-05)	(93.0, 2.798649744786465e-05)	(94.0, 1.8657664965243104e-05)	(95.0, 1.8657664965243104e-05)	(96.0, 2.798649744786465e-05)	(97.0, 4.664416241310775e-05)	(98.0, 0.0001959054821350526)	(99.0, 0.00020523431461767414)	(100.0, 6.530182737835085e-05)
SRR39146898_2	(0.0, 0.0)	(1.0, 0.0)	(2.0, 0.0)	(3.0, 0.0)	(4.0, 0.0)	(5.0, 0.0)	(6.0, 0.0)	(7.0, 0.0)	(8.0, 0.0)	(9.0, 0.0)	(10.0, 0.0)	(11.0, 0.0)	(12.0, 0.0)	(13.0, 0.0)	(14.0, 0.0)	(15.0, 0.0)	(16.0, 0.0)	(17.0, 9.301978595961211e-06)	(18.0, 4.650989297980606e-05)	(19.0, 7.441582876768969e-05)	(20.0, 0.00014883165753537937)	(21.0, 0.00024185144349499148)	(22.0, 0.00029766331507075875)	(23.0, 0.000353475186646526)	(24.0, 0.0005209108013738278)	(25.0, 0.0006511385017172848)	(26.0, 0.0008557820308284313)	(27.0, 0.0016836581258689793)	(28.0, 0.0032463905299904626)	(29.0, 0.0054416574786373085)	(30.0, 0.008427592607940857)	(31.0, 0.01397157185113374)	(32.0, 0.021859649700508847)	(33.0, 0.0317755588838035)	(34.0, 0.04509599223321995)	(35.0, 0.06062099450987921)	(36.0, 0.07708549662473055)	(37.0, 0.09932652744767381)	(38.0, 0.12943703216280025)	(39.0, 0.1582080519601083)	(40.0, 0.18968594752884102)	(41.0, 0.22917284666869636)	(42.0, 0.2775896452606745)	(43.0, 0.3423500202457564)	(44.0, 0.41266367645262725)	(45.0, 0.4999627455757232)	(46.0, 0.6205815020295522)	(47.0, 0.7661109571633654)	(48.0, 0.9397044817211936)	(49.0, 1.1586079440199488)	(50.0, 1.4183005824619936)	(51.0, 1.7282797171938054)	(52.0, 2.1100887306436293)	(53.0, 2.553551258227484)	(54.0, 3.0613648737381984)	(55.0, 3.6656121013532426)	(56.0, 4.328936195031236)	(57.0, 4.992688179724645)	(58.0, 5.6430081073254845)	(59.0, 6.224511997273404)	(60.0, 6.684243685421595)	(61.0, 6.956382371225037)	(62.0, 6.988120722194456)	(63.0, 6.779477342287047)	(64.0, 6.318824758257854)	(65.0, 5.623539066124137)	(66.0, 4.814220418382533)	(67.0, 3.9619173275489907)	(68.0, 3.110590944468025)	(69.0, 2.334815231543456)	(70.0, 1.669063321451916)	(71.0, 1.137166883356258)	(72.0, 0.7343912101511376)	(73.0, 0.446290329077027)	(74.0, 0.2580554902091559)	(75.0, 0.14303652487009555)	(76.0, 0.07564368994235657)	(77.0, 0.039793864433522064)	(78.0, 0.02035272916796313)	(79.0, 0.010036834905042147)	(80.0, 0.004957954591647325)	(81.0, 0.0029673311721116263)	(82.0, 0.0019255095693639706)	(83.0, 0.0011720493030911126)	(84.0, 0.0008185741164445866)	(85.0, 0.0005674206943536338)	(86.0, 0.00028836133647479757)	(87.0, 0.00012092572174749574)	(88.0, 8.371780736365091e-05)	(89.0, 7.441582876768969e-05)	(90.0, 5.581187157576727e-05)	(91.0, 3.7207914383844844e-05)	(92.0, 2.7905935787883636e-05)	(93.0, 1.8603957191922422e-05)	(94.0, 7.441582876768969e-05)	(95.0, 0.000176737593323263)	(96.0, 0.00041858903681825447)	(97.0, 0.0012371631532628411)	(98.0, 0.00292082127913182)	(99.0, 0.012278611746668798)	(100.0, 0.04166356213131026)
SRR39146899_1	(0.0, 0.0)	(1.0, 0.0)	(2.0, 0.0)	(3.0, 0.0)	(4.0, 0.0)	(5.0, 0.0)	(6.0, 0.0)	(7.0, 0.0)	(8.0, 0.0)	(9.0, 0.0)	(10.0, 0.0)	(11.0, 1.1354873755945838e-05)	(12.0, 2.2709747511891675e-05)	(13.0, 1.1354873755945838e-05)	(14.0, 0.0)	(15.0, 0.0)	(16.0, 0.0)	(17.0, 1.1354873755945838e-05)	(18.0, 3.406462126783751e-05)	(19.0, 7.948411629162086e-05)	(20.0, 0.00011354873755945836)	(21.0, 9.08389900475667e-05)	(22.0, 5.677436877972918e-05)	(23.0, 0.00035200108643432097)	(24.0, 0.0007267119203805336)	(25.0, 0.0011354873755945838)	(26.0, 0.0017259408109037671)	(27.0, 0.0026343307113794344)	(28.0, 0.0034518816218075342)	(29.0, 0.00542762965534211)	(30.0, 0.009379125722411263)	(31.0, 0.013807526487230137)	(32.0, 0.01839489548463226)	(33.0, 0.025389497718294893)	(34.0, 0.03636966064029452)	(35.0, 0.051301319629363296)	(36.0, 0.06690291617003287)	(37.0, 0.08170967154778624)	(38.0, 0.10177373347454255)	(39.0, 0.12722000556161717)	(40.0, 0.16066010877287765)	(41.0, 0.20023184381234893)	(42.0, 0.24064383950976012)	(43.0, 0.2926832259332599)	(44.0, 0.36215234357213655)	(45.0, 0.44903983755263416)	(46.0, 0.5591139837427731)	(47.0, 0.6887298676668947)	(48.0, 0.8532506335167941)	(49.0, 1.0588192679944375)	(50.0, 1.3034827328138023)	(51.0, 1.5997540988539412)	(52.0, 1.9613159889907688)	(53.0, 2.4033952889310077)	(54.0, 2.923312248468256)	(55.0, 3.5087354747035553)	(56.0, 4.150819520981025)	(57.0, 4.8434214005986975)	(58.0, 5.528563128158713)	(59.0, 6.162085599624199)	(60.0, 6.687384769321765)	(61.0, 7.005343944235761)	(62.0, 7.09410499238599)	(63.0, 6.936090569198247)	(64.0, 6.514279718912371)	(65.0, 5.886877524401339)	(66.0, 5.095476888233183)	(67.0, 4.215905657350107)	(68.0, 3.3431019312255734)	(69.0, 2.5183406759624476)	(70.0, 1.7929799855588715)	(71.0, 1.2188435038369823)	(72.0, 0.7930016733677454)	(73.0, 0.4867720830436421)	(74.0, 0.2847802337991216)	(75.0, 0.1591612654370928)	(76.0, 0.08438942175418947)	(77.0, 0.0426829704486004)	(78.0, 0.02149477602000547)	(79.0, 0.01036699973917855)	(80.0, 0.004814466472521035)	(81.0, 0.0023391039937248424)	(82.0, 0.0010219386380351254)	(83.0, 0.00045419495023783346)	(84.0, 0.00026116209638675427)	(85.0, 0.0001816779800951334)	(86.0, 0.00012490361131540422)	(87.0, 7.948411629162086e-05)	(88.0, 3.406462126783751e-05)	(89.0, 0.0)	(90.0, 2.2709747511891675e-05)	(91.0, 7.948411629162086e-05)	(92.0, 9.08389900475667e-05)	(93.0, 7.948411629162086e-05)	(94.0, 6.812924253567503e-05)	(95.0, 4.541949502378335e-05)	(96.0, 4.541949502378335e-05)	(97.0, 7.948411629162086e-05)	(98.0, 0.00022709747511891673)	(99.0, 0.00019303285385107927)	(100.0, 3.406462126783751e-05)
SRR39146899_2	(0.0, 0.0)	(1.0, 0.0)	(2.0, 0.0)	(3.0, 0.0)	(4.0, 0.0)	(5.0, 0.0)	(6.0, 0.0)	(7.0, 0.0)	(8.0, 0.0)	(9.0, 0.0)	(10.0, 0.0)	(11.0, 0.0)	(12.0, 0.0)	(13.0, 0.0)	(14.0, 0.0)	(15.0, 0.0)	(16.0, 0.0)	(17.0, 2.2629451778901205e-05)	(18.0, 5.6573629447253016e-05)	(19.0, 9.051780711560482e-05)	(20.0, 0.00010183253300505541)	(21.0, 5.6573629447253016e-05)	(22.0, 0.00013577671067340722)	(23.0, 0.0005431068426936289)	(24.0, 0.0008825486193771469)	(25.0, 0.001108843137166159)	(26.0, 0.0016180058021914362)	(27.0, 0.002274259903779571)	(28.0, 0.003281270507940675)	(29.0, 0.005532900959941345)	(30.0, 0.009289389955238944)	(31.0, 0.014562052219722926)	(32.0, 0.020581486392910645)	(33.0, 0.026793270906219028)	(34.0, 0.03718018927273468)	(35.0, 0.05363180071599585)	(36.0, 0.06710763925033152)	(37.0, 0.08143208222637598)	(38.0, 0.10347316825902576)	(39.0, 0.1314544853836371)	(40.0, 0.16503659182352648)	(41.0, 0.20071192255296422)	(42.0, 0.2446922620852587)	(43.0, 0.3002588809283506)	(44.0, 0.36318007159958543)	(45.0, 0.4494774859584252)	(46.0, 0.5622400441726899)	(47.0, 0.6953804237138551)	(48.0, 0.8594778932885572)	(49.0, 1.0626337966336428)	(50.0, 1.31085625319641)	(51.0, 1.613932500871234)	(52.0, 1.9792963145674833)	(53.0, 2.4279251960841997)	(54.0, 2.9525098324967978)	(55.0, 3.5345167027983577)	(56.0, 4.186991685939416)	(57.0, 4.876624228901431)	(58.0, 5.546761499155921)	(59.0, 6.172262175776529)	(60.0, 6.700965372412888)	(61.0, 7.019655941815153)	(62.0, 7.085541590669424)	(63.0, 6.914100863992469)	(64.0, 6.499382215966436)	(65.0, 5.84809527904377)	(66.0, 5.042328389552435)	(67.0, 4.167360636521219)	(68.0, 3.2775932220266037)	(69.0, 2.4729917493018814)	(70.0, 1.773934039673955)	(71.0, 1.2012844476829705)	(72.0, 0.7793809487171364)	(73.0, 0.475965259265629)	(74.0, 0.27899851098207296)	(75.0, 0.15840616245230843)	(76.0, 0.08484912944499007)	(77.0, 0.04345986214137976)	(78.0, 0.022504989794117247)	(79.0, 0.011857832732144231)	(80.0, 0.00581576910717761)	(81.0, 0.002500554421568583)	(82.0, 0.0013577671067340723)	(83.0, 0.0007241424569248386)	(84.0, 0.00045258903557802413)	(85.0, 0.00032812705079406746)	(86.0, 0.00014709143656285785)	(87.0, 6.788835533670361e-05)	(88.0, 2.2629451778901205e-05)	(89.0, 0.0)	(90.0, 1.1314725889450603e-05)	(91.0, 4.525890355780241e-05)	(92.0, 9.051780711560482e-05)	(93.0, 9.051780711560482e-05)	(94.0, 7.920308122615421e-05)	(95.0, 0.00013577671067340722)	(96.0, 0.0004865332132463759)	(97.0, 0.0013125082031762699)	(98.0, 0.0027381636652470454)	(99.0, 0.012910102239863138)	(100.0, 0.04605093437006395)
SRR39146900_1	(0.0, 0.0)	(1.0, 0.0)	(2.0, 0.0)	(3.0, 0.0)	(4.0, 0.0)	(5.0, 0.0)	(6.0, 0.0)	(7.0, 0.0)	(8.0, 0.0)	(9.0, 0.0)	(10.0, 0.0)	(11.0, 0.0)	(12.0, 0.0)	(13.0, 0.0)	(14.0, 9.65397545399509e-06)	(15.0, 1.930795090799018e-05)	(16.0, 9.65397545399509e-06)	(17.0, 0.0)	(18.0, 1.930795090799018e-05)	(19.0, 7.723180363196072e-05)	(20.0, 0.00010619372999394599)	(21.0, 0.00024134938634987724)	(22.0, 0.00053096864996973)	(23.0, 0.0017666775080811016)	(24.0, 0.0032147738261803648)	(25.0, 0.004006399813407962)	(26.0, 0.005242108671519334)	(27.0, 0.007269443516858303)	(28.0, 0.00910369885311737)	(29.0, 0.013650721291949056)	(30.0, 0.017357847866283173)	(31.0, 0.020205770625211724)	(32.0, 0.028662653122911424)	(33.0, 0.05266243610154321)	(34.0, 0.08080377454993891)	(35.0, 0.10118331673332254)	(36.0, 0.11788469426873405)	(37.0, 0.1311975264197933)	(38.0, 0.15293827914219021)	(39.0, 0.18272079341776507)	(40.0, 0.22071884080468976)	(41.0, 0.27243518731174143)	(42.0, 0.332357412954689)	(43.0, 0.40510011800054196)	(44.0, 0.4946310863608925)	(45.0, 0.6086445364725744)	(46.0, 0.7542361402942744)	(47.0, 0.9385112237601326)	(48.0, 1.1750915462357363)	(49.0, 1.4465323740757163)	(50.0, 1.7666485461547397)	(51.0, 2.1306709985985326)	(52.0, 2.5234816058461385)	(53.0, 2.9683174868153244)	(54.0, 3.443476504685509)	(55.0, 3.934632159882963)	(56.0, 4.44353182196486)	(57.0, 4.9638907529106495)	(58.0, 5.491132968355137)	(59.0, 5.959775552793875)	(60.0, 6.328480183332856)	(61.0, 6.5661031351574906)	(62.0, 6.5796959325967155)	(63.0, 6.363572384108128)	(64.0, 5.940361408155891)	(65.0, 5.304840204019394)	(66.0, 4.541104551878389)	(67.0, 3.7485517830072075)	(68.0, 2.9497528920172917)	(69.0, 2.1984225983346697)	(70.0, 1.5734145734675737)	(71.0, 1.0729911018342844)	(72.0, 0.6892745394643415)	(73.0, 0.4215698001250576)	(74.0, 0.2420444725825649)	(75.0, 0.1319505365052049)	(76.0, 0.07052229069143413)	(77.0, 0.03600932844340169)	(78.0, 0.017261308111743222)	(79.0, 0.008476190448607689)	(80.0, 0.004276711126119825)	(81.0, 0.002027334845338969)	(82.0, 0.0011198611526634305)	(83.0, 0.0007723180363196072)	(84.0, 0.0005792385272397054)	(85.0, 0.0004923527481537496)	(86.0, 0.00031858118998183795)	(87.0, 0.0001737715581719116)	(88.0, 9.65397545399509e-05)	(89.0, 4.826987726997545e-05)	(90.0, 3.861590181598036e-05)	(91.0, 3.861590181598036e-05)	(92.0, 5.7923852723970544e-05)	(93.0, 6.757782817796563e-05)	(94.0, 4.826987726997545e-05)	(95.0, 3.861590181598036e-05)	(96.0, 2.8961926361985272e-05)	(97.0, 7.723180363196072e-05)	(98.0, 0.0002703113127118625)	(99.0, 0.00026065733725786743)	(100.0, 6.757782817796563e-05)
SRR39146900_2	(0.0, 0.0)	(1.0, 0.0)	(2.0, 0.0)	(3.0, 0.0)	(4.0, 0.0)	(5.0, 0.0)	(6.0, 0.0)	(7.0, 0.0)	(8.0, 0.0)	(9.0, 0.0)	(10.0, 9.63359024834047e-06)	(11.0, 1.926718049668094e-05)	(12.0, 1.926718049668094e-05)	(13.0, 1.926718049668094e-05)	(14.0, 1.926718049668094e-05)	(15.0, 1.926718049668094e-05)	(16.0, 1.926718049668094e-05)	(17.0, 3.853436099336188e-05)	(18.0, 7.706872198672376e-05)	(19.0, 0.00018303821471846892)	(20.0, 0.00030827488794689503)	(21.0, 0.00033717565869191644)	(22.0, 0.00047204592216868303)	(23.0, 0.001762947015446306)	(24.0, 0.0034102909479125265)	(25.0, 0.004219512528773126)	(26.0, 0.0049323982071503205)	(27.0, 0.006993986520295182)	(28.0, 0.009623956658092129)	(29.0, 0.013670064562395126)	(30.0, 0.017089989100555994)	(31.0, 0.020558081589958564)	(32.0, 0.029276480764706687)	(33.0, 0.05527754084497761)	(34.0, 0.08407234209726727)	(35.0, 0.10315648437922975)	(36.0, 0.12081485530443783)	(37.0, 0.13299171337834018)	(38.0, 0.1542819478271726)	(39.0, 0.18779720830114913)	(40.0, 0.22632193570426268)	(41.0, 0.2760023606149545)	(42.0, 0.3374550328091183)	(43.0, 0.4113735707846347)	(44.0, 0.4961684321505276)	(45.0, 0.6052977424837284)	(46.0, 0.7564198727094453)	(47.0, 0.9492554487104765)	(48.0, 1.185451814419288)	(49.0, 1.4564928760563474)	(50.0, 1.7735824990804738)	(51.0, 2.1250544057009275)	(52.0, 2.527420569603364)	(53.0, 2.991403176734186)	(54.0, 3.4730634219707124)	(55.0, 3.970407152131538)	(56.0, 4.476228441710902)	(57.0, 4.994486696300875)	(58.0, 5.5091419881379675)	(59.0, 5.974126488654617)	(60.0, 6.339490032413178)	(61.0, 6.543876283121969)	(62.0, 6.562006699969346)	(63.0, 6.365394756590965)	(64.0, 5.923328567275118)	(65.0, 5.270113346896144)	(66.0, 4.509011549326005)	(67.0, 3.696774654717675)	(68.0, 2.900096008360415)	(69.0, 2.1755344186022314)	(70.0, 1.54779041083987)	(71.0, 1.0533174905730502)	(72.0, 0.6764899744189644)	(73.0, 0.41076665459898926)	(74.0, 0.23667804522122865)	(75.0, 0.1298318957768845)	(76.0, 0.07025777368114705)	(77.0, 0.03719529194884255)	(78.0, 0.01862172995004213)	(79.0, 0.008737666355244806)	(80.0, 0.004845695894915256)	(81.0, 0.0028226419427637576)	(82.0, 0.0015510080299828157)	(83.0, 0.0009151910735923447)	(84.0, 0.0006454505466388115)	(85.0, 0.00040461079043029974)	(86.0, 0.0001926718049668094)	(87.0, 0.00010596949273174515)	(88.0, 0.00010596949273174515)	(89.0, 8.670231223506423e-05)	(90.0, 3.853436099336188e-05)	(91.0, 2.8900770745021406e-05)	(92.0, 7.706872198672376e-05)	(93.0, 0.00013487026347676657)	(94.0, 0.0001252366732284261)	(95.0, 0.00016377103422178798)	(96.0, 0.00044314515142366163)	(97.0, 0.001146397239552516)	(98.0, 0.0023216952498500533)	(99.0, 0.009806994872810598)	(100.0, 0.032099122707470444)
